50 62
62 62 62 62 62 62 62 62 27 19 46 62 62 62 62 62 62 62 62 62 62 62 62 62 62 62 62 31 34 53 52 62 62 62 38 62 62 62 62 50 60 50 62 62 62 62 62 62 57 
62 12 62 62 62 62 62 62 62 58 62 62 62 62 62 62 55 1 62 62 62 62 62 62 43 62 62 17 24 42 62 62 29 62 62 62 62 62 62 62 25 22 34 32 55 62 62 62 
62 16 62 62 62 62 62 62 13 62 62 62 62 62 62 48 34 62 62 51 62 62 62 62 62 62 62 17 62 62 18 48 62 62 59 62 62 62 62 62 62 62 62 36 62 62 62 
5 23 62 36 62 9 62 40 51 62 62 22 9 62 59 13 62 62 62 62 62 62 62 62 62 62 62 62 62 62 42 2 30 34 33 62 62 62 62 62 62 25 18 27 62 62 
62 15 62 62 62 62 62 62 62 62 62 62 62 62 62 62 62 9 40 62 62 62 62 62 62 61 62 62 0 29 62 9 62 62 62 7 58 57 62 62 30 62 62 32 62 
62 17 56 62 62 37 62 62 62 62 62 62 25 14 62 62 62 62 62 62 62 62 62 46 62 62 62 45 62 62 62 44 43 62 62 3 62 62 62 31 43 62 62 62 
62 46 62 62 62 62 3 62 62 17 62 62 62 61 32 62 62 27 62 15 62 62 56 62 32 62 15 21 15 62 62 48 46 62 62 62 62 62 62 62 8 39 62 
62 48 19 39 62 5 62 62 6 62 62 62 59 2 1 62 62 14 62 42 62 62 54 62 62 46 28 62 62 62 62 62 62 26 45 62 62 62 62 62 62 62 
6 62 62 13 62 5 62 3 62 62 62 62 62 54 62 62 62 62 62 62 62 3 62 62 62 62 44 62 62 62 24 62 62 62 27 16 62 62 62 62 62 
62 62 62 62 11 62 62 62 62 62 62 62 42 62 37 42 62 6 17 62 62 15 30 62 6 62 62 62 62 38 62 62 62 20 2 62 58 62 58 46 
54 7 62 21 21 34 62 62 62 62 62 62 24 61 62 62 62 62 62 62 62 62 62 62 62 62 62 62 62 62 20 62 62 62 62 13 0 62 62 
62 62 62 62 62 62 62 62 43 62 62 62 62 25 62 62 62 62 62 62 46 62 62 62 49 62 62 62 62 43 62 40 62 21 47 62 62 14 
62 62 62 50 61 62 62 45 62 62 17 62 32 62 49 62 62 62 62 7 40 53 62 50 62 48 62 62 62 62 62 62 51 62 62 62 2 
62 62 62 62 62 62 62 19 62 29 62 62 62 62 4 62 62 1 62 62 62 62 16 62 62 21 62 62 9 10 62 62 62 16 62 58 
62 62 62 62 62 22 62 62 62 25 62 62 47 62 62 56 62 39 40 62 61 50 62 62 62 32 62 62 62 62 62 62 62 21 62 
62 62 62 62 62 62 62 62 62 62 33 8 62 62 62 62 62 13 62 62 32 62 62 62 62 62 39 36 16 62 62 62 40 46 
62 62 12 8 62 54 62 62 6 62 60 0 62 62 62 38 62 62 62 62 62 62 33 62 62 61 62 62 62 7 62 62 62 
62 62 2 62 62 29 62 62 12 62 8 62 54 62 55 48 62 62 62 62 42 62 62 23 3 6 62 62 62 62 62 62 
62 62 27 62 62 62 62 62 62 62 62 62 62 62 32 62 62 62 37 62 62 62 62 43 62 14 62 62 28 26 62 
6 62 55 57 62 35 62 62 62 62 62 43 62 62 62 62 20 62 62 33 62 61 36 62 62 62 62 62 62 62 
62 62 62 62 62 62 62 62 62 62 62 62 62 62 62 62 62 62 62 62 62 62 62 62 62 62 62 62 62 
62 62 62 62 62 62 47 62 62 62 62 62 62 40 62 62 62 62 62 62 62 62 62 62 62 62 62 62 
62 62 62 62 62 44 62 62 62 62 62 62 62 62 62 62 62 62 62 62 62 62 62 62 62 62 62 
62 62 62 62 62 62 62 62 62 62 62 62 62 62 62 62 62 62 62 62 62 62 62 62 62 62 
62 62 62 62 62 62 62 62 62 62 62 62 22 62 62 62 62 62 62 62 62 62 62 62 62 
62 62 62 62 62 62 62 62 62 62 62 62 62 62 62 62 62 62 62 62 62 62 62 62 
62 62 62 62 62 62 62 62 62 62 62 62 62 62 62 62 62 62 62 62 62 62 62 
62 62 62 62 62 62 62 62 62 62 62 61 62 62 62 62 62 62 62 62 62 62 
62 62 62 62 62 62 62 62 62 62 62 62 62 62 62 62 62 62 62 62 62 
48 62 62 62 62 62 62 62 62 62 62 62 62 62 62 62 62 62 62 62 
37 62 62 62 62 62 62 62 62 62 62 62 62 62 62 62 62 62 62 
62 62 62 62 62 62 62 62 62 62 62 62 62 62 62 62 62 62 
62 62 62 62 62 62 62 62 62 62 62 58 62 62 62 62 62 
62 62 42 62 62 62 62 62 62 62 62 62 62 62 62 62 
62 62 62 62 62 62 62 62 62 62 62 39 62 62 62 
62 62 62 62 62 62 62 62 62 62 62 62 62 62 
62 62 62 62 62 62 62 62 62 62 62 62 62 
62 62 62 62 62 62 62 62 62 62 62 62 
62 62 62 62 62 62 5 62 62 62 62 
62 62 62 62 62 62 62 62 62 62 
62 62 62 40 62 62 62 62 62 
62 62 62 62 62 62 62 62 
62 62 62 62 62 62 62 
62 62 62 47 62 62 
62 62 62 62 62 
62 62 62 62 
62 62 62 
62 62 
62 

62 62 62 62 62 62 54 62 62 19 54 62 30 62 62 48 41 62 62 62 37 62 62 62 62 16 53 21 62 35 62 62 61 62 62 62 62 60 62 62 62 42 62 62 62 62 62 14 62 
62 62 56 62 62 45 62 62 62 33 62 62 62 62 62 62 62 60 62 62 62 41 62 62 62 62 62 11 62 13 62 62 5 62 30 35 62 62 62 62 62 17 62 62 62 62 6 62 
62 62 14 62 62 62 59 18 62 62 62 62 62 62 60 62 38 62 42 53 62 62 62 62 62 62 62 62 62 62 55 52 62 62 8 62 62 56 62 62 62 62 62 11 62 57 21 
62 62 62 62 62 62 62 35 29 62 62 62 28 62 9 33 50 62 62 39 2 62 62 53 16 62 52 62 62 62 62 53 62 62 62 62 28 62 26 62 47 25 27 11 62 62 
28 62 62 55 18 33 62 62 11 62 62 56 62 43 62 53 62 62 28 62 62 29 57 62 62 36 62 62 62 62 62 62 62 62 62 62 62 62 62 34 62 62 62 49 62 
62 35 47 61 62 62 37 62 14 45 62 40 62 62 62 23 33 62 27 62 62 62 62 38 16 62 62 62 13 62 62 62 62 57 62 62 8 62 62 62 51 62 50 49 
62 62 54 62 62 62 62 62 51 62 62 62 62 62 62 62 44 62 62 35 22 62 62 62 62 55 62 4 2 62 62 25 62 11 62 62 33 62 13 2 62 62 62 
62 49 26 62 62 62 62 62 62 62 4 62 54 46 62 53 62 62 62 62 62 58 62 62 62 62 62 62 16 62 23 62 62 30 62 24 62 35 51 53 48 62 
62 62 62 34 62 62 62 62 62 0 62 21 62 62 62 22 32 62 62 10 62 28 62 62 62 62 62 62 13 62 43 62 61 62 48 62 14 62 62 62 62 
62 62 62 62 62 37 33 62 62 62 6 16 62 51 0 62 62 62 62 62 62 60 51 62 62 62 62 0 38 46 62 62 62 20 14 62 62 62 62 62 
61 21 62 62 62 62 62 5 5 62 62 62 62 14 62 62 55 62 62 57 5 13 25 62 27 62 62 62 62 62 5 62 36 62 12 62 62 51 62 
62 62 62 62 62 62 60 23 62 62 8 62 62 62 35 62 62 62 62 62 62 62 62 57 62 62 32 23 62 62 62 62 62 62 53 62 26 62 
37 37 62 62 62 62 31 3 62 62 4 29 62 62 62 24 62 60 62 3 62 62 62 62 62 62 62 62 62 62 52 32 0 62 41 50 49 
19 58 62 50 54 62 46 62 62 62 62 62 29 58 1 62 0 60 62 62 62 40 62 15 62 62 62 7 62 62 62 38 62 62 19 62 
62 62 10 62 62 3 0 51 53 62 62 27 38 62 62 62 62 62 25 14 20 41 54 42 50 43 62 4 62 62 19 53 12 62 62 
62 47 62 62 62 62 62 16 62 59 15 62 23 62 62 62 51 12 62 62 62 62 62 62 62 49 62 62 62 62 62 62 62 62 
62 62 62 62 62 62 62 62 62 62 62 62 62 62 62 62 62 62 62 62 62 62 62 62 62 62 58 62 62 62 62 62 62 
62 62 62 62 62 62 62 62 62 62 62 62 62 62 62 62 62 62 62 56 62 62 62 62 62 62 62 62 62 62 62 62 
62 62 62 62 62 62 62 62 62 62 62 62 62 62 62 62 62 62 62 62 62 62 62 62 62 62 62 35 62 62 62 
62 62 62 62 62 62 62 62 62 34 62 62 62 62 62 62 62 62 33 62 62 62 62 62 62 62 62 62 62 62 
62 62 62 62 62 62 62 62 62 62 62 62 62 62 62 28 62 62 62 62 62 62 62 62 62 62 62 62 62 
2 62 1 62 62 62 62 62 62 62 62 62 62 62 62 62 62 62 62 62 62 62 62 62 62 62 62 62 
62 62 62 62 62 62 62 62 62 62 62 62 62 62 62 62 62 62 62 62 62 62 62 62 62 62 62 
62 62 62 61 6 62 62 62 62 62 62 62 62 62 62 62 62 62 62 62 62 62 62 62 62 62 
62 62 62 62 62 62 62 62 62 62 62 62 62 62 62 62 31 62 62 62 62 62 62 62 62 
62 62 62 62 62 62 62 62 62 62 62 62 62 62 62 62 62 62 62 62 62 16 62 62 
62 62 62 62 62 62 62 62 62 62 62 62 62 62 62 62 62 62 62 62 62 62 62 
62 62 62 62 62 62 62 62 62 62 62 13 62 62 62 62 62 62 62 62 62 62 
62 62 62 62 62 62 62 62 62 62 62 62 62 62 62 62 62 62 62 62 62 
62 62 38 62 62 62 62 62 62 62 62 62 62 62 62 62 62 62 62 62 
62 62 62 62 62 62 62 62 62 29 62 62 62 62 62 62 62 62 62 
62 62 62 62 62 62 62 62 62 62 62 62 62 62 37 62 62 62 
62 62 62 62 62 62 62 62 62 62 62 62 62 62 62 62 62 
62 62 62 62 62 62 62 62 62 62 62 62 62 40 62 1 
62 62 62 62 62 62 62 62 62 62 62 62 62 62 62 
62 62 62 62 62 62 62 62 62 62 62 62 62 62 
62 62 62 62 62 22 62 62 62 62 62 62 62 
62 62 62 62 62 62 62 62 62 62 62 62 
62 62 62 62 62 62 62 62 62 62 62 
62 62 62 62 62 62 62 62 62 62 
62 62 62 62 62 62 62 62 62 
62 62 62 62 62 62 62 62 
62 62 62 62 62 62 62 
62 62 62 62 62 62 
62 62 59 62 62 
62 62 62 62 
62 62 62 
62 62 
62 

55 45 60 26 62 11 45 12 55 8 43 1 47 5 9 17 62 51 7 18 2 38 16 62 11 62 20 47 62 8 42 37 23 62 62 58 43 53 62 46 31 50 43 16 34 45 51 10 38 
45 61 5 61 22 62 16 52 56 22 18 54 48 48 2 8 59 40 9 26 62 48 52 62 33 25 62 62 22 52 24 62 50 20 38 49 7 4 21 20 13 53 62 20 51 16 18 17 
1 31 42 25 6 21 41 15 59 51 39 42 43 52 48 53 31 41 22 0 26 27 17 32 36 8 62 62 34 41 31 12 55 62 55 11 47 3 21 8 24 30 62 3 50 62 45 
36 39 53 56 61 23 62 62 17 62 52 57 30 20 50 47 15 62 27 14 34 26 28 21 61 30 62 6 7 55 62 0 8 27 41 37 15 23 24 30 24 50 37 6 47 36 
62 62 29 62 62 49 7 7 30 53 30 43 44 5 54 49 41 7 60 38 43 38 38 38 58 62 26 56 40 55 48 6 27 12 61 32 2 30 13 2 62 24 6 6 8 
62 3 11 62 62 62 62 62 62 62 62 62 62 62 62 62 20 62 62 62 62 62 62 62 62 62 62 62 62 62 62 62 62 62 62 62 62 62 62 62 62 62 62 62 
62 62 62 62 62 62 62 62 62 62 62 62 62 62 62 62 62 62 62 62 62 62 62 62 62 62 62 62 47 62 62 62 62 62 62 13 62 62 62 62 62 62 62 
62 62 62 62 34 62 62 62 62 62 62 62 62 62 62 62 62 62 62 62 62 62 0 62 62 62 62 62 62 62 62 62 62 62 62 62 62 62 62 62 62 62 
62 62 31 62 62 62 62 62 62 62 62 62 62 62 62 62 62 62 62 62 62 62 62 48 62 62 62 62 62 62 62 62 62 62 62 62 62 62 58 62 62 
62 62 62 62 62 62 62 62 62 62 62 62 11 62 62 62 62 62 62 62 62 62 62 62 62 62 62 19 62 62 62 62 62 62 62 62 62 62 62 62 
62 62 62 62 62 62 62 62 8 62 62 62 62 62 62 62 62 62 62 62 62 62 62 62 62 62 62 62 62 62 62 62 62 62 62 62 62 62 62 
62 62 62 62 62 62 62 62 62 62 62 62 62 62 62 62 62 62 62 62 62 62 62 62 62 62 62 62 62 62 62 62 62 62 62 62 62 62 
62 62 62 62 62 62 62 62 62 62 62 62 62 62 62 62 62 62 62 62 62 62 62 62 62 62 62 62 62 62 62 62 39 62 62 62 59 
62 62 62 62 7 62 62 55 62 62 62 62 26 62 62 62 62 62 62 62 62 62 62 62 62 62 62 62 62 62 62 62 62 62 62 62 
62 62 62 62 62 62 62 62 62 62 62 4 62 62 57 62 62 62 62 62 62 62 62 62 62 62 62 62 26 62 62 62 62 62 62 
62 62 62 62 62 62 62 62 62 62 62 62 62 62 62 62 62 62 62 62 7 62 62 62 62 62 62 62 62 62 62 62 62 62 
62 62 31 62 62 62 62 62 62 62 62 62 62 62 62 62 62 62 62 62 62 62 62 62 62 62 62 62 62 62 62 62 62 
62 62 62 62 62 7 62 62 62 62 62 62 62 62 62 62 62 62 62 62 62 62 62 62 62 62 62 62 19 62 62 62 
62 62 62 62 62 62 62 62 62 62 62 62 62 62 62 62 62 62 62 62 62 62 62 58 62 62 62 62 62 62 62 
62 62 62 62 62 62 62 10 62 62 62 62 62 62 62 62 62 62 62 62 62 62 62 62 62 62 62 62 62 62 
62 62 62 62 62 62 62 62 62 62 25 62 62 62 62 62 62 62 62 62 62 39 62 62 62 62 62 62 62 
62 62 62 62 62 62 62 62 62 62 62 62 62 62 62 62 62 62 62 62 62 62 62 62 62 62 62 62 
62 62 62 62 62 62 62 62 62 62 62 62 29 62 62 62 62 62 62 62 62 62 62 62 62 62 62 
62 31 62 62 62 62 62 62 62 62 62 62 62 62 62 62 62 62 62 62 62 62 62 62 62 62 
62 57 62 62 62 62 62 62 62 62 62 62 62 62 62 62 18 62 62 62 62 62 62 62 62 
62 62 62 62 62 62 62 62 62 62 62 62 62 62 62 62 62 62 62 62 62 62 62 62 
62 62 62 62 62 62 62 62 62 62 62 62 62 62 62 62 62 62 62 62 62 62 62 
62 62 62 62 62 62 55 62 62 62 62 62 62 62 62 62 62 62 62 62 62 62 
62 62 26 62 62 62 62 62 62 62 62 31 62 62 62 62 62 62 62 62 62 
62 62 62 62 62 62 7 62 62 62 62 62 62 62 62 62 62 62 62 62 
62 62 62 62 62 62 62 62 62 62 62 62 62 62 62 62 62 62 62 
62 62 62 62 62 62 62 62 62 62 62 62 62 62 62 62 62 62 
62 62 62 62 62 62 62 62 62 62 62 62 62 62 62 62 62 
11 62 62 62 62 62 62 62 62 62 62 62 3 62 62 62 
62 62 62 62 62 62 62 62 62 62 62 62 62 59 62 
62 62 62 62 62 62 62 62 62 62 62 62 62 62 
62 62 62 62 62 62 62 62 62 62 62 62 62 
62 62 62 62 62 62 62 62 62 62 62 62 
62 17 62 62 62 62 62 62 62 62 62 
62 62 62 19 62 62 62 62 62 62 
62 62 62 62 62 62 62 62 62 
62 62 62 62 62 62 62 62 
62 62 62 62 62 62 62 
62 62 62 62 62 62 
62 62 62 62 62 
62 62 62 62 
62 62 62 
62 62 
62 

22 55 11 2 3 3 5 29 17 47 62 62 20 58 57 4 41 47 16 62 4 30 8 13 62 58 62 32 62 62 62 1 61 29 62 30 62 24 31 34 62 55 1 4 54 62 3 23 62 
36 48 9 34 56 24 3 58 53 62 49 62 54 60 54 62 40 2 27 26 51 8 14 51 47 47 61 58 62 62 46 3 39 20 62 2 10 35 62 34 44 23 14 62 43 31 37 20 
27 4 12 62 25 61 9 28 39 8 62 22 51 53 27 32 50 58 43 62 5 6 33 37 29 30 62 12 58 38 20 30 8 38 59 27 49 40 57 31 24 44 29 6 32 7 12 
47 44 62 55 45 55 14 19 13 29 31 24 62 20 45 14 10 1 62 62 47 62 50 53 53 26 48 59 62 28 39 45 49 40 19 21 62 43 51 32 2 1 0 40 43 4 
62 7 44 21 51 5 39 62 52 19 9 62 30 55 29 27 62 59 0 37 41 11 6 52 31 16 62 33 14 52 35 60 15 44 57 28 38 15 24 38 22 43 3 3 62 
40 40 54 22 30 36 54 41 42 37 43 62 1 47 27 62 62 62 62 62 62 62 62 62 62 62 62 62 62 62 62 62 62 62 62 62 62 62 62 62 62 62 62 62 
62 30 62 62 62 62 62 62 62 62 62 62 62 62 62 62 62 62 62 62 62 62 56 62 62 62 62 62 62 62 62 62 62 62 62 62 62 62 62 62 62 62 62 
62 62 34 62 62 62 62 62 62 62 62 62 62 62 62 62 62 62 62 62 62 62 62 62 15 62 62 62 62 62 62 62 62 62 62 62 62 62 62 62 62 62 
62 62 62 60 62 62 62 62 62 62 62 62 62 62 62 62 62 62 62 62 62 62 62 62 62 62 62 62 62 62 62 62 62 62 62 62 62 62 62 62 62 
62 62 62 62 62 62 62 62 62 62 62 62 62 62 62 62 62 62 62 62 62 62 62 62 62 62 62 62 62 62 62 62 62 62 62 62 62 62 62 62 
62 62 62 62 62 62 62 62 62 62 62 62 62 62 62 62 62 62 62 62 62 62 62 62 62 62 62 41 62 62 62 62 62 62 62 62 62 62 62 
62 62 62 62 62 62 62 62 62 62 62 62 62 62 1 62 62 62 62 62 62 62 62 62 62 62 62 62 62 62 62 62 62 62 62 12 62 62 
62 62 62 62 62 62 62 62 62 62 62 62 62 62 62 62 62 62 62 62 62 62 62 62 62 62 62 62 62 62 62 62 62 62 62 62 62 
62 62 62 62 62 62 62 62 62 62 62 62 62 62 62 62 62 62 62 62 62 62 62 62 62 62 8 62 62 62 62 62 62 33 62 62 
62 62 62 62 62 62 62 62 62 62 62 62 62 62 62 62 62 62 62 62 62 62 62 62 62 62 62 62 62 62 62 62 62 62 62 
62 62 62 62 62 62 62 62 62 62 62 62 62 62 62 62 62 62 62 62 62 62 62 62 62 62 62 62 62 62 62 62 62 62 
62 62 62 62 62 38 62 62 62 62 62 62 62 62 62 62 62 62 62 62 62 62 62 62 8 62 62 62 62 62 62 62 62 
62 62 62 62 62 62 62 62 62 62 62 62 62 62 62 62 62 62 62 62 62 62 62 62 62 2 62 62 62 62 62 62 
62 62 62 62 62 62 62 62 62 62 62 62 62 62 62 62 62 62 62 62 1 62 62 62 62 62 62 62 62 62 62 
62 62 62 62 62 62 62 62 62 62 62 62 62 62 62 62 62 62 62 62 62 62 62 62 62 11 62 62 62 62 
16 62 62 62 62 62 62 30 62 62 62 62 62 62 62 62 62 62 62 62 62 62 62 62 62 62 62 62 62 
62 62 62 62 62 62 62 62 62 62 62 62 62 62 62 62 62 62 62 62 62 62 62 62 7 62 62 62 
62 62 62 62 62 62 62 62 62 62 62 62 62 62 53 62 62 62 62 62 62 62 62 62 62 55 62 
62 62 62 62 62 62 62 62 12 62 62 62 62 62 62 62 62 62 62 62 62 62 62 62 62 62 
62 62 62 62 62 62 62 62 62 62 62 62 62 62 62 62 62 62 62 62 62 62 62 54 62 
62 62 62 62 62 62 62 62 62 62 40 62 62 62 62 62 62 62 62 62 62 62 62 12 
62 62 62 62 62 62 62 62 62 62 62 62 62 62 62 62 62 62 62 62 62 62 62 
62 62 47 62 62 62 62 62 62 62 62 62 62 62 62 62 62 62 62 62 62 62 
62 62 62 3 62 62 62 62 62 62 62 62 62 62 62 62 62 62 62 62 62 
62 62 62 62 62 40 62 62 62 62 62 62 62 62 62 62 62 62 62 62 
62 62 62 62 62 62 62 62 62 62 62 62 62 62 62 62 62 62 62 
58 62 62 62 62 62 62 62 62 62 62 62 62 62 62 62 62 62 
62 62 62 62 62 62 62 62 62 62 62 62 62 62 62 62 62 
62 62 62 62 62 62 62 62 62 23 62 62 62 62 62 62 
62 62 62 62 62 62 62 62 62 62 62 40 62 62 62 
62 62 62 0 62 62 62 62 62 62 62 62 62 62 
62 62 62 62 62 36 62 62 62 62 62 62 62 
62 62 62 62 62 62 62 62 62 62 62 62 
62 62 62 62 62 62 62 62 62 62 62 
62 62 62 62 62 62 62 62 62 62 
62 62 62 62 62 43 62 62 62 
62 62 62 23 62 62 62 62 
62 62 62 62 62 62 62 
62 62 62 62 62 62 
62 62 62 62 62 
62 62 62 62 
62 62 62 
62 62 
62 

62 62 62 60 62 54 27 62 62 10 62 56 62 62 62 62 62 62 62 62 10 62 62 32 62 62 62 62 62 62 48 52 62 62 62 62 62 62 62 62 62 62 62 62 12 62 46 11 62 
62 62 26 61 62 61 62 62 62 8 62 37 62 62 62 23 62 62 62 62 62 42 62 62 47 62 62 62 62 62 62 62 48 62 62 62 62 62 62 62 62 37 62 62 62 62 46 62 
41 62 62 62 62 62 62 62 62 44 62 62 0 62 62 62 62 62 62 62 62 62 36 62 37 38 62 62 62 62 62 49 45 62 62 62 62 39 62 62 62 62 62 62 62 62 62 
0 56 62 62 62 62 62 62 62 19 62 62 62 62 62 62 62 62 62 62 62 62 41 62 62 62 62 62 0 62 62 62 62 62 62 62 62 7 62 62 62 62 62 62 62 62 
62 62 62 62 62 27 62 62 62 51 55 62 18 15 62 62 22 62 62 62 37 62 58 62 62 62 62 62 62 62 62 8 62 62 62 62 0 62 62 62 62 62 62 62 62 
62 62 31 62 62 62 62 62 62 62 62 62 62 62 6 62 62 62 57 17 62 62 62 62 62 62 62 62 62 62 62 62 62 62 62 52 62 62 62 62 62 62 62 62 
62 62 24 62 62 41 62 0 62 62 62 62 62 62 62 62 62 62 62 62 62 57 62 62 62 8 62 62 62 55 62 62 4 62 62 49 55 62 62 62 62 30 62 
62 62 62 49 50 13 62 62 17 62 40 54 62 62 62 62 62 62 62 62 62 62 62 62 62 48 62 62 62 62 62 62 8 60 62 50 62 62 29 62 50 0 
62 27 58 62 62 62 62 62 62 62 55 62 62 15 62 62 62 62 62 62 62 62 62 62 62 62 62 62 62 62 62 17 62 62 62 62 15 62 62 62 62 
62 62 62 62 6 16 62 62 62 62 62 62 62 62 54 53 29 62 62 62 62 62 62 2 62 62 62 62 62 62 37 2 62 62 62 8 62 62 62 36 
9 62 62 62 62 62 24 62 52 62 62 62 59 62 62 62 62 20 62 62 38 26 62 5 62 30 62 62 62 62 62 15 62 62 62 39 62 62 62 
62 62 62 62 16 62 23 62 62 44 62 62 59 62 62 62 22 62 62 62 62 62 62 62 62 62 62 23 62 62 62 44 62 62 62 62 62 62 
62 62 62 62 62 27 41 43 62 62 62 62 41 62 62 32 62 62 62 3 7 62 62 10 39 62 62 62 62 62 62 62 62 42 15 62 62 
62 62 7 51 62 62 62 36 62 62 62 62 48 62 62 62 62 30 62 62 62 62 62 62 62 62 62 62 4 62 62 62 34 62 62 62 
62 62 53 34 39 62 62 62 62 62 62 62 46 62 35 62 0 62 62 27 62 62 62 62 62 62 62 62 62 47 62 62 62 62 62 
62 62 62 62 62 2 20 3 62 60 32 62 52 62 62 62 62 62 62 23 40 62 62 62 27 62 14 62 62 62 14 32 62 41 
62 62 16 28 62 62 5 62 62 28 62 62 44 62 62 43 59 16 48 32 62 0 62 22 62 62 62 16 62 62 62 62 62 
62 62 62 62 24 62 62 62 62 62 62 62 62 62 62 62 50 62 62 45 60 62 62 62 29 62 62 39 62 58 62 11 
62 57 62 62 24 62 10 62 53 34 62 62 62 62 62 62 62 62 62 62 62 62 62 52 62 62 62 62 48 62 62 
1 62 62 62 62 62 62 46 62 59 62 62 62 62 62 27 62 62 19 62 62 48 62 10 62 62 62 47 62 62 
62 58 62 36 62 1 62 62 62 62 62 62 60 26 62 62 62 16 62 62 62 62 62 62 62 48 62 9 62 
39 31 62 62 62 44 5 39 62 62 28 62 47 62 62 7 62 62 62 53 62 62 62 46 62 62 62 62 
62 62 60 62 62 62 62 17 62 34 62 62 62 49 61 62 62 62 62 62 62 42 62 62 49 62 62 
50 62 62 62 62 62 62 62 27 62 62 13 62 62 62 9 62 62 62 62 62 29 2 62 62 62 
62 10 62 62 5 62 0 16 51 62 62 62 62 62 62 62 59 62 62 62 54 62 62 62 62 
62 62 62 62 62 34 62 33 51 62 62 62 62 42 62 42 62 62 62 62 62 34 62 62 
62 62 62 62 62 62 0 62 29 62 15 62 62 62 62 62 62 62 62 62 62 62 62 
62 62 62 62 48 62 62 62 62 62 62 62 62 62 62 62 62 62 62 62 62 62 
62 62 62 62 62 62 62 62 62 62 62 62 62 6 62 62 62 62 62 62 62 
62 62 62 62 62 62 62 62 62 62 62 62 62 62 62 62 62 62 62 62 
62 62 62 62 62 62 62 62 62 62 62 24 62 62 62 62 62 62 62 
62 62 62 62 62 62 18 62 62 62 62 62 62 62 62 62 62 62 
62 62 62 62 62 62 62 62 62 62 62 62 62 62 62 62 62 
62 62 62 62 23 62 62 62 62 62 62 62 62 62 62 62 
62 62 62 62 10 62 62 62 9 62 62 62 62 62 62 
62 62 62 62 62 62 62 62 62 62 62 62 62 62 
62 3 62 62 62 62 62 62 62 62 62 62 62 
62 62 62 62 62 62 62 62 62 62 62 62 
62 62 62 62 62 62 62 62 62 62 62 
62 62 62 62 62 62 62 62 62 62 
62 62 62 62 62 62 62 62 62 
62 60 62 62 62 62 62 62 
62 62 62 62 16 28 62 
62 62 62 62 62 19 
62 62 35 62 62 
62 62 62 62 
62 62 62 
62 62 
62 

52 62 44 62 62 62 62 62 62 62 48 62 2 51 62 19 62 62 62 62 31 62 62 62 62 62 62 62 62 62 62 62 62 62 16 62 62 62 57 4 62 62 62 62 62 62 62 62 62 
62 2 1 62 62 62 13 62 62 25 62 26 62 52 62 62 62 59 62 46 62 62 62 62 62 62 62 62 62 3 62 62 62 62 62 62 62 62 11 62 35 62 62 62 62 43 62 25 
47 28 53 62 9 62 62 62 62 62 62 62 62 62 62 62 62 62 62 62 34 62 62 62 62 62 62 62 25 62 62 62 39 62 62 62 62 62 32 20 30 62 62 1 21 30 43 
62 19 45 58 62 62 62 62 25 62 62 62 62 62 62 62 62 52 62 62 62 62 62 62 62 62 32 33 10 42 62 61 62 62 62 62 3 62 19 62 62 62 62 62 62 54 
62 62 51 62 62 62 62 62 62 62 9 43 62 62 62 62 32 62 62 18 62 62 14 62 62 62 8 13 62 13 62 62 34 62 33 62 62 36 43 62 31 62 37 62 62 
62 62 1 62 62 62 62 62 62 62 62 62 62 62 62 62 62 62 43 62 62 62 62 59 62 62 62 3 62 62 62 62 62 62 62 16 62 62 25 62 62 62 62 62 
27 62 62 62 62 62 44 62 62 62 62 62 62 62 62 62 62 62 62 8 62 62 62 62 62 60 62 62 62 62 12 62 62 62 62 26 62 62 62 44 62 39 62 
62 62 21 62 62 62 43 62 62 38 55 46 62 62 62 54 52 62 50 62 62 62 62 27 1 62 62 62 62 62 62 62 62 62 1 62 62 62 62 62 62 62 
62 62 62 62 15 62 62 62 54 62 62 62 62 62 62 62 62 62 62 62 3 62 62 26 61 62 62 62 62 62 13 43 62 62 62 62 62 62 62 62 62 
62 20 20 62 13 62 62 59 28 62 62 62 62 10 62 62 62 62 62 62 62 62 62 62 62 62 62 62 62 62 62 18 62 62 62 39 62 35 62 40 
62 39 62 62 43 62 62 62 47 62 62 62 62 62 62 62 35 62 62 62 62 62 62 62 62 62 62 62 62 62 62 62 33 62 29 62 62 62 62 
62 62 62 62 6 62 62 62 62 62 54 62 62 62 3 62 62 36 62 62 62 49 62 62 62 0 62 37 62 22 62 62 62 62 62 62 62 11 
62 62 38 24 62 62 62 28 62 62 62 62 62 62 62 62 25 62 62 62 41 62 62 62 62 62 62 62 62 62 8 62 62 62 8 62 62 
62 62 62 62 62 62 62 62 62 62 62 62 24 43 62 62 62 62 8 62 62 49 62 62 62 62 62 54 62 53 62 62 62 62 62 62 
62 62 62 62 62 62 12 62 40 62 62 62 62 34 62 62 62 59 57 62 62 62 62 62 62 62 62 62 62 62 42 62 30 62 62 
62 6 62 62 62 62 62 62 62 62 62 62 62 62 62 4 62 11 62 30 62 62 62 46 62 62 62 62 62 62 62 62 27 62 
62 62 62 62 10 62 62 62 62 51 62 62 62 62 62 62 62 62 62 62 62 62 62 62 39 54 62 62 62 62 62 62 62 
62 62 62 62 62 62 62 62 62 62 62 62 62 26 62 62 8 62 62 18 62 62 62 62 62 47 62 62 62 21 47 28 
62 62 62 62 62 13 62 62 62 62 62 62 62 62 40 62 62 62 62 62 19 62 62 62 62 62 62 62 54 62 62 
62 62 62 62 62 54 62 62 62 62 62 0 62 62 62 62 62 62 62 62 62 31 62 62 62 24 62 62 32 56 
40 62 11 62 62 62 62 62 37 57 62 62 62 62 57 62 62 62 62 62 62 62 62 62 62 62 62 62 62 
62 62 62 62 39 62 62 62 41 62 62 62 62 40 62 21 62 62 62 62 26 33 2 62 62 62 62 62 
62 62 62 59 62 62 62 62 62 62 62 62 62 62 39 62 1 62 62 62 41 62 62 62 62 62 62 
33 62 62 62 62 62 62 62 62 53 62 62 37 62 62 62 62 62 62 62 62 62 57 62 62 37 
62 62 62 62 62 62 62 5 62 62 62 62 62 35 62 62 62 62 62 62 62 62 55 62 62 
62 62 62 62 49 14 62 62 62 3 62 62 29 62 62 62 62 62 62 62 62 62 62 62 
62 62 62 62 62 62 7 62 62 62 62 62 62 62 62 62 62 45 62 62 62 62 62 
1 62 62 62 62 62 62 62 62 22 62 62 62 62 62 62 62 43 62 62 1 18 
62 62 62 28 62 62 62 62 62 13 62 62 62 22 36 62 62 62 62 62 62 
62 62 62 62 62 62 62 62 62 62 62 62 62 62 59 9 36 51 62 62 
62 62 62 62 62 62 62 62 62 21 19 62 62 62 62 62 20 62 62 
62 62 54 62 55 62 21 62 62 62 62 62 62 62 62 4 19 31 
62 62 62 62 62 62 62 62 28 62 16 62 62 62 62 55 62 
62 62 62 62 62 62 62 62 62 62 62 20 0 62 62 62 
62 62 41 62 62 62 62 6 62 62 62 62 62 42 62 
62 62 62 62 52 62 62 20 62 62 62 62 62 62 
62 45 62 62 62 62 62 62 62 62 62 62 5 
62 62 62 62 62 19 62 62 62 60 50 62 
62 62 62 62 62 6 6 62 62 62 62 
62 62 62 62 62 62 62 62 62 3 
62 62 62 62 50 62 62 62 62 
29 62 62 62 62 62 15 62 
62 62 62 62 62 59 62 
1 62 1 62 62 62 
62 62 62 62 62 
62 62 62 62 
62 62 62 
62 62 
62 

12 59 15 8 62 22 62 49 60 36 34 49 62 18 62 12 22 62 62 62 50 62 28 62 28 58 32 32 30 22 62 50 57 62 60 62 15 62 62 2 43 22 62 10 47 62 62 23 19 
62 9 61 62 13 53 1 30 8 62 7 18 14 21 22 17 3 33 38 62 54 15 62 62 29 0 62 20 62 7 62 62 1 42 6 14 0 26 34 1 12 62 50 32 54 45 62 39 
62 9 46 62 62 54 62 62 9 48 62 6 62 13 49 3 28 35 60 54 62 62 4 52 62 21 17 62 12 2 44 62 12 62 56 2 4 20 52 62 62 42 62 5 62 24 11 
13 62 62 62 52 17 30 3 33 62 52 62 47 44 28 26 61 62 4 34 46 42 62 21 47 62 62 43 6 28 7 19 28 54 59 62 13 12 53 62 16 44 21 55 62 62 
36 45 2 42 45 17 62 36 62 8 62 38 4 43 62 35 21 62 51 62 62 62 62 62 11 62 41 62 0 57 0 25 15 62 55 11 46 62 20 55 62 32 36 40 62 
62 46 62 33 22 0 49 29 62 19 62 5 49 62 62 3 21 6 32 8 40 62 62 62 4 62 39 62 62 62 62 15 62 26 62 62 27 62 28 62 52 62 62 10 
39 62 40 1 62 36 41 62 2 62 59 10 56 62 41 12 62 18 62 23 8 62 18 12 41 62 48 0 62 51 24 46 62 0 52 62 62 61 50 62 19 55 62 
42 62 62 62 62 62 62 62 62 62 62 62 62 48 62 62 62 62 62 62 62 62 62 62 62 62 62 62 0 62 62 62 62 62 62 62 62 62 62 62 62 62 
62 62 62 62 62 62 62 62 62 62 62 62 62 62 62 62 62 62 62 62 62 62 62 62 62 62 62 62 62 62 62 62 62 62 62 62 62 62 62 62 18 
62 62 62 62 62 62 62 62 62 62 62 38 62 62 62 62 62 62 62 62 62 62 62 62 62 62 62 62 62 62 62 29 62 62 62 62 62 62 62 62 
62 62 62 62 62 62 62 62 62 62 62 62 62 62 62 62 62 62 62 62 48 62 33 62 62 62 62 62 62 62 62 62 62 62 62 62 62 62 62 
62 62 62 62 62 62 62 62 62 62 62 41 62 62 62 62 62 62 62 62 62 62 62 62 62 62 62 62 62 62 62 62 62 62 62 62 62 62 
62 62 62 62 62 62 62 62 62 62 62 62 62 62 62 62 62 62 39 62 62 62 62 62 37 62 62 62 62 62 62 62 62 62 62 62 62 
62 62 62 62 62 62 62 62 62 62 62 62 62 62 62 62 62 62 62 62 16 62 62 62 62 62 62 62 62 62 62 62 62 62 62 62 
62 62 62 62 62 62 62 62 62 62 62 62 62 62 62 62 62 62 62 62 62 62 62 62 62 62 62 62 62 62 62 15 23 62 62 
62 62 62 62 62 62 38 62 62 62 62 62 62 62 62 62 62 62 62 62 62 62 62 62 62 62 62 62 62 62 62 62 62 62 
62 62 62 62 35 62 62 62 62 62 62 31 62 62 62 62 62 62 62 62 62 62 62 62 62 62 62 62 62 62 62 62 62 
62 62 62 62 62 62 62 62 62 62 62 62 62 62 62 10 62 62 62 62 62 62 62 62 62 62 62 62 62 62 62 62 
62 62 62 62 62 62 62 62 62 62 62 62 62 62 62 62 62 62 62 62 62 62 62 62 62 62 62 62 62 62 62 
62 62 62 62 62 62 62 62 62 62 38 62 62 62 62 62 62 62 62 62 62 62 62 62 15 62 62 62 62 62 
62 62 62 62 62 62 62 62 62 62 62 62 58 62 62 62 62 62 62 62 62 62 62 62 62 62 62 62 62 
62 62 62 62 62 62 62 62 62 62 62 62 62 62 62 62 62 62 62 62 62 62 62 62 62 62 62 62 
62 62 62 62 62 62 62 62 62 62 62 62 62 62 62 62 62 62 62 62 11 62 62 62 62 20 62 
62 62 62 62 62 62 62 62 62 62 62 62 62 62 62 62 62 62 62 62 62 4 62 62 62 62 
62 62 62 62 62 62 62 62 62 62 62 62 62 62 62 62 62 62 62 62 62 62 62 62 62 
62 62 62 62 62 62 62 62 62 62 62 62 62 62 50 62 62 62 17 62 62 62 62 62 
62 62 62 62 62 62 62 62 62 62 62 62 62 62 62 62 62 62 62 42 62 62 62 
62 62 62 62 62 62 62 62 62 62 62 62 62 62 62 62 62 62 62 62 62 62 
62 62 62 62 62 62 62 62 62 62 62 62 62 62 62 62 62 62 62 46 62 
62 62 62 62 62 62 62 62 62 62 62 62 62 62 62 62 62 62 62 62 
62 62 62 62 62 62 62 62 62 62 62 15 62 62 62 62 62 62 62 
62 62 62 62 62 62 62 62 62 62 62 62 62 62 62 62 62 62 
9 62 62 62 62 62 62 62 62 62 62 62 14 62 62 62 62 
62 62 62 62 62 62 62 62 62 62 62 62 62 62 62 62 
62 62 62 62 62 43 62 62 62 62 62 62 62 62 62 
62 62 62 62 62 62 62 62 62 62 62 62 62 62 
62 62 62 62 62 62 62 62 51 62 62 62 62 
62 62 62 62 62 62 62 62 62 62 62 62 
62 62 41 62 62 62 62 62 62 62 62 
62 62 62 62 62 62 62 62 62 62 
62 62 62 62 62 62 62 62 62 
62 62 62 62 62 62 62 62 
62 62 62 62 62 62 62 
62 62 62 62 62 62 
62 62 62 62 62 
62 62 62 62 
62 62 62 
62 62 
62 

47 37 49 62 62 62 41 62 47 45 62 47 56 42 62 41 27 45 56 15 20 44 26 60 62 62 46 11 0 5 21 43 50 62 62 33 51 62 3 20 62 28 62 62 62 1 36 62 1 
62 62 31 51 62 62 62 11 45 50 32 62 17 28 62 17 1 26 13 36 21 4 15 62 53 29 49 62 24 62 62 62 50 37 62 33 3 26 62 59 6 62 22 39 38 46 23 62 
62 28 62 35 56 33 62 25 51 56 51 25 24 62 18 62 62 0 10 18 62 28 62 62 10 62 28 62 42 37 17 2 62 52 55 62 62 45 37 56 18 62 56 13 44 8 44 
28 41 10 30 20 62 51 5 62 62 14 23 62 19 48 62 16 62 62 62 62 12 38 62 62 29 22 45 0 0 49 26 24 21 62 30 56 57 35 62 62 28 62 22 22 58 
62 24 62 42 8 7 62 21 3 8 45 58 46 62 62 18 30 5 0 62 19 62 62 12 62 43 34 53 47 62 14 13 62 50 20 30 9 46 62 62 62 62 54 5 48 
3 14 60 4 22 43 21 62 55 49 62 24 32 62 22 10 5 12 27 55 10 58 54 62 62 32 47 50 56 9 46 62 56 33 7 17 4 62 6 33 25 62 62 62 
5 62 62 62 62 30 15 12 57 2 2 62 0 61 50 62 53 39 48 22 62 62 62 62 62 62 62 62 62 62 62 62 62 62 62 62 62 62 62 62 62 62 62 
62 30 62 62 62 62 62 62 62 62 62 62 62 62 62 62 62 62 62 62 62 62 62 62 62 62 62 62 62 62 62 62 62 62 62 62 62 62 62 62 62 62 
62 62 62 62 62 62 62 62 62 62 62 62 62 62 62 62 39 62 62 62 62 62 62 62 62 62 62 62 62 62 62 62 62 62 62 62 62 62 62 62 62 
62 62 62 62 62 62 48 62 62 62 62 62 62 62 62 62 62 62 62 62 62 62 62 62 62 62 62 62 62 62 62 62 62 62 62 62 62 62 62 62 
62 62 62 62 62 62 62 62 62 62 62 62 62 20 62 62 62 62 62 62 62 62 62 62 62 62 62 62 62 62 62 29 62 62 62 62 62 62 62 
62 62 62 62 62 62 62 62 62 62 62 62 62 62 62 62 62 62 62 62 62 62 62 62 62 62 62 62 62 62 62 62 62 62 62 39 62 62 
62 62 62 62 62 62 18 62 62 62 62 62 62 62 62 29 62 62 62 62 62 62 62 62 26 62 62 62 62 62 62 62 62 62 62 62 62 
62 62 62 62 62 62 62 62 62 62 62 62 62 62 62 62 62 62 62 62 62 62 62 62 62 62 62 62 62 62 62 62 41 62 62 62 
58 62 62 62 62 62 62 62 62 62 62 62 62 62 62 62 62 62 62 62 62 62 62 62 62 62 62 62 62 62 62 62 62 62 62 
62 62 62 62 62 62 62 62 62 62 62 62 62 62 62 62 62 62 62 62 41 62 62 62 62 62 62 62 62 62 62 62 62 62 
62 62 62 62 12 62 62 62 62 62 62 62 62 62 62 62 54 62 62 62 62 62 62 62 62 62 62 62 62 62 62 62 62 
62 62 62 62 62 62 62 62 62 62 62 62 62 62 62 62 62 62 62 6 62 62 62 1 62 62 62 62 62 62 62 62 
62 62 62 62 62 62 62 35 62 62 62 62 62 62 62 62 62 62 62 62 62 62 62 62 62 62 62 62 62 62 62 
62 62 62 62 7 62 62 62 62 62 62 62 62 62 62 62 62 62 62 62 62 62 62 7 62 62 62 62 62 62 
62 62 62 62 62 39 62 62 62 56 62 62 62 62 62 62 62 62 62 62 62 62 62 62 62 62 62 62 62 
62 62 62 62 62 62 62 4 62 62 62 62 62 62 62 62 62 62 62 62 62 62 62 62 62 12 62 62 
62 62 62 62 62 5 62 62 62 62 62 39 62 62 62 62 62 62 62 62 62 62 62 62 62 62 62 
62 62 62 62 62 62 62 62 62 62 62 62 57 62 62 62 62 62 62 62 62 62 62 62 62 62 
62 62 62 62 62 31 62 62 62 62 62 62 62 62 62 62 62 62 62 62 62 62 62 62 62 
62 62 62 62 62 62 62 62 62 62 62 62 38 62 62 62 62 62 62 62 62 62 62 62 
62 62 62 62 62 62 62 62 62 62 62 62 62 62 62 62 62 62 62 62 62 55 62 
62 62 62 17 62 62 62 62 62 62 27 62 62 62 62 62 62 62 62 62 62 62 
62 62 62 62 62 62 62 62 62 62 62 62 62 62 62 62 62 62 62 62 62 
62 62 62 62 62 62 62 62 62 62 62 62 62 62 62 62 62 62 62 62 
62 62 62 62 62 62 62 62 62 62 62 62 62 62 62 62 62 62 62 
62 62 62 62 62 62 62 62 62 62 54 62 62 62 62 62 62 62 
62 62 62 62 62 62 62 62 62 62 62 62 62 62 62 62 62 
62 62 62 62 62 62 62 62 62 62 62 62 62 62 62 62 
62 62 62 62 62 62 62 62 62 62 62 52 62 62 62 
6 62 62 62 62 62 62 62 62 62 62 62 62 62 
62 62 62 53 62 62 62 62 62 62 62 62 62 
62 62 62 62 62 62 62 62 62 43 62 62 
43 62 62 62 62 62 62 62 62 62 62 
62 62 62 62 62 62 62 62 62 35 
62 62 62 40 62 62 62 62 62 
62 62 62 62 62 62 62 62 
62 62 62 62 62 62 62 
62 62 62 62 62 62 
62 62 62 62 62 
62 62 62 62 
62 62 62 
62 62 
62 

62 62 62 46 62 19 62 62 25 62 62 62 62 62 9 62 62 26 10 33 62 52 31 62 62 25 54 62 62 14 62 42 36 62 62 51 62 62 62 7 62 62 62 62 62 62 33 62 62 
62 62 62 62 62 62 62 62 62 62 62 62 0 39 62 62 11 32 62 42 14 10 42 62 11 62 60 62 62 62 62 62 40 62 62 62 62 62 62 40 38 48 62 62 62 62 9 2 
8 62 62 62 62 62 62 62 62 62 62 62 62 62 24 62 62 62 62 62 8 45 4 62 17 52 62 0 29 62 62 5 62 62 24 27 3 62 22 23 62 46 62 62 62 62 62 
62 62 62 62 62 32 62 62 62 18 26 26 62 62 62 62 62 58 53 62 62 23 62 62 61 62 62 34 19 62 62 62 28 13 10 62 20 62 62 62 62 34 8 54 62 26 
62 62 55 62 62 62 62 62 62 18 3 62 62 51 62 62 62 62 62 60 62 62 62 5 62 62 62 62 11 62 62 50 61 62 62 62 40 62 3 2 10 2 15 62 62 
62 62 62 30 2 62 62 44 50 62 62 62 62 13 62 62 62 49 62 62 62 29 51 62 57 57 62 62 62 21 62 62 62 62 62 19 62 62 15 23 62 62 58 62 
62 62 5 62 62 25 62 62 58 62 5 62 6 62 32 0 46 60 62 62 62 62 23 62 43 49 62 62 62 62 62 62 62 62 62 62 62 62 62 62 61 62 38 
16 62 62 50 49 25 62 62 62 62 7 62 3 62 59 62 46 28 62 62 56 12 34 62 62 62 62 62 62 38 62 62 62 62 2 1 62 62 62 62 62 20 
62 62 62 62 62 62 62 42 46 62 33 62 62 62 62 34 62 62 62 36 62 62 62 62 62 62 62 58 62 62 62 46 25 62 62 62 62 62 62 47 62 
62 62 62 62 62 25 62 62 62 62 22 59 62 62 24 1 62 11 57 62 62 62 62 62 46 62 37 30 62 62 62 62 62 62 11 62 62 62 57 62 
21 2 33 62 62 62 62 23 58 18 38 62 62 62 62 62 11 62 62 55 62 62 62 62 62 62 62 62 62 62 62 62 22 62 61 62 62 62 62 
48 62 62 62 62 62 56 62 62 62 62 62 9 62 62 62 62 8 62 62 62 62 62 62 62 62 62 9 48 43 62 62 62 62 62 62 62 62 
62 45 62 30 62 60 49 62 55 7 62 36 50 62 62 12 62 62 62 62 62 62 62 62 62 62 62 59 62 62 62 21 62 62 35 62 62 
62 62 62 62 62 62 31 62 62 22 62 62 62 62 30 53 62 62 53 62 18 62 62 62 62 3 62 62 62 26 62 62 25 62 62 15 
62 31 62 62 62 18 62 62 62 62 40 62 41 62 62 62 62 62 37 62 13 62 29 62 62 62 62 33 54 62 62 62 62 55 55 
62 62 61 62 62 62 62 62 62 62 62 14 62 23 38 62 62 62 42 47 62 62 41 42 62 52 62 8 62 62 62 62 25 62 
62 62 59 62 29 62 10 10 62 55 62 62 20 62 10 62 52 62 62 62 62 62 62 62 62 62 52 62 62 62 62 62 62 
62 62 37 10 55 62 62 39 62 62 62 62 62 62 30 62 62 62 3 62 62 36 62 4 62 62 62 62 62 62 62 62 
62 62 62 62 62 62 62 62 62 62 62 62 62 62 62 62 62 62 62 62 62 34 62 62 62 62 62 62 62 62 62 
62 62 62 62 62 62 62 62 62 62 62 62 62 62 62 62 62 62 62 62 62 62 62 62 62 62 62 62 62 62 
62 62 62 62 62 62 62 62 62 38 62 62 62 62 62 62 62 62 62 62 62 62 62 62 62 62 62 62 62 
62 62 62 62 62 62 50 62 62 62 62 62 62 62 62 62 62 62 62 62 62 26 62 62 62 62 62 62 
62 62 62 62 62 62 62 62 62 62 62 62 62 62 62 62 62 62 62 62 62 62 62 62 62 62 62 
62 62 62 62 62 62 62 62 62 62 62 62 62 62 62 62 62 62 62 62 62 62 62 62 62 62 
62 62 62 62 62 62 62 62 62 62 41 62 62 62 62 62 62 62 62 62 62 23 62 62 62 
62 62 62 37 62 62 62 62 62 62 62 62 62 62 62 62 62 62 62 62 62 62 62 62 
62 62 62 62 62 62 62 62 62 62 62 62 62 38 62 62 62 62 62 62 62 62 62 
62 62 62 62 62 62 62 62 62 62 62 62 62 62 62 62 62 62 62 62 62 62 
62 62 62 62 62 62 62 62 62 62 62 62 62 21 62 62 62 62 62 62 62 
62 62 62 62 62 62 62 62 62 62 62 62 62 62 62 62 62 62 62 62 
62 62 62 62 62 62 36 62 62 62 62 62 62 62 62 62 62 62 62 
62 62 62 62 62 62 62 44 62 62 62 62 62 62 62 62 21 62 
62 62 62 62 62 62 62 62 6 62 62 62 62 62 62 62 62 
62 62 62 62 62 62 54 62 62 62 62 62 62 62 62 62 
62 62 62 62 62 62 62 62 62 62 62 62 34 62 62 
62 62 62 62 62 62 62 62 62 62 62 62 62 62 
62 4 62 62 62 62 62 62 62 62 62 62 62 
45 62 62 62 62 62 62 62 62 62 62 62 
62 62 62 62 62 62 62 62 62 62 62 
62 62 62 62 62 62 62 62 62 62 
62 62 62 62 62 62 62 62 62 
62 62 62 62 62 62 62 62 
62 62 62 62 62 62 62 
62 62 62 62 62 62 
62 62 62 62 62 
62 62 60 62 
62 62 62 
62 62 
62 

62 14 62 62 62 44 14 62 48 15 35 62 45 56 23 62 62 11 3 62 31 62 39 62 62 62 45 0 62 8 55 62 4 16 27 0 19 62 62 62 49 62 45 62 8 20 2 36 44 
62 62 18 62 62 38 62 49 0 7 42 62 48 62 62 62 62 62 21 45 7 55 38 62 26 36 62 59 23 62 28 62 50 7 56 9 62 29 62 15 53 10 4 41 62 13 33 5 
57 62 17 23 5 62 23 61 11 62 47 37 62 62 62 8 62 57 62 45 59 38 28 30 62 7 0 61 62 45 52 62 62 62 2 52 62 1 21 60 48 36 20 29 58 7 62 
44 62 62 62 62 45 26 11 19 26 40 62 28 35 62 62 53 62 62 13 62 62 51 62 62 28 61 24 36 2 51 62 27 28 62 62 42 39 7 16 62 57 62 47 59 30 
58 39 49 62 62 62 9 10 59 23 62 33 34 62 62 62 1 61 62 62 62 10 62 19 60 62 59 26 62 62 12 41 2 29 62 33 9 42 46 54 15 40 15 10 62 
19 20 51 62 62 62 62 33 62 62 5 17 24 62 30 62 62 23 16 59 30 38 62 3 60 24 36 1 30 62 47 4 62 11 62 62 62 4 62 21 62 0 43 62 
38 31 12 51 47 51 62 21 46 19 58 49 62 62 62 62 22 16 48 62 13 28 47 19 19 19 19 45 21 36 3 62 18 9 22 26 54 62 62 62 48 17 62 
46 62 62 4 62 62 62 62 62 62 62 62 62 62 62 62 62 62 62 62 62 62 62 62 62 62 62 62 62 5 62 62 62 62 62 62 62 62 62 62 62 62 
62 62 62 62 62 62 62 62 62 62 62 62 62 51 62 62 62 62 62 62 62 62 62 62 62 62 62 62 62 62 62 62 62 62 62 62 62 62 62 62 62 
62 62 62 62 62 62 62 62 62 62 62 62 62 62 62 62 62 62 62 62 62 62 62 62 62 62 53 62 62 62 62 62 62 62 62 62 62 62 62 62 
62 62 62 62 62 62 62 62 62 62 62 62 62 60 62 62 62 62 62 62 62 62 62 62 62 62 62 62 62 62 62 62 62 62 62 62 62 62 62 
62 62 62 62 62 62 24 62 62 62 62 62 62 62 62 62 62 13 62 62 62 62 62 62 62 62 62 62 62 62 62 62 62 62 62 62 62 62 
62 62 62 62 19 62 62 62 62 62 38 62 62 62 62 62 62 62 62 62 62 62 62 62 62 62 62 62 62 62 62 62 62 62 62 62 62 
62 62 62 62 62 62 60 62 62 62 62 62 62 62 62 62 62 62 62 62 62 59 62 62 62 62 62 62 62 62 62 62 62 62 62 62 
62 62 62 62 62 62 62 62 62 62 62 62 62 32 62 62 62 62 62 62 62 62 62 62 62 62 62 62 62 62 62 62 62 62 62 
62 62 62 62 62 62 62 62 62 62 62 62 62 62 62 62 62 62 62 62 62 62 62 62 62 62 62 62 62 7 62 62 62 62 
62 62 62 62 62 62 62 62 62 62 62 62 62 62 53 62 62 62 62 62 62 62 62 7 62 62 62 62 62 62 62 62 62 
62 62 62 62 62 62 62 62 62 62 62 62 62 62 62 62 62 62 62 62 62 62 62 62 62 62 62 62 62 62 62 62 
62 62 62 62 62 62 62 62 62 62 62 62 62 62 62 62 62 62 62 62 62 62 62 62 62 62 62 62 62 62 49 
62 62 62 62 62 62 62 62 62 62 62 62 22 62 62 62 62 62 62 62 62 62 62 62 62 62 62 62 62 62 
62 62 62 62 62 62 62 62 44 62 62 62 62 62 62 62 62 62 62 62 62 62 62 62 62 62 62 62 62 
62 62 62 2 62 62 62 62 62 62 62 62 62 62 62 62 62 62 62 62 62 62 62 62 62 62 22 62 
62 62 58 62 62 62 62 62 62 62 62 62 62 62 62 62 62 62 62 62 62 62 62 62 62 62 62 
62 62 62 62 62 62 62 62 16 62 62 62 62 62 62 62 62 62 62 62 62 62 62 34 62 62 
62 62 62 62 62 62 62 62 62 62 62 62 62 62 62 62 62 62 62 62 62 62 62 62 5 
62 62 62 62 62 62 62 62 62 62 62 62 62 62 62 62 62 62 62 62 62 62 62 62 
62 62 62 62 62 62 62 62 62 62 62 62 62 62 62 62 62 20 62 62 62 62 62 
62 62 62 62 62 62 62 62 62 62 62 62 62 62 62 62 62 23 62 62 62 62 
62 62 62 62 62 62 62 62 62 62 62 62 62 62 62 62 62 5 62 62 62 
7 62 39 62 62 62 62 62 62 62 62 54 62 62 62 62 21 62 62 62 
62 62 62 62 62 62 62 62 62 62 62 62 62 62 62 62 62 62 62 
62 62 62 62 62 62 62 62 62 62 62 62 62 62 62 62 62 21 
62 62 62 62 62 62 62 62 62 62 62 62 62 62 62 62 62 
62 28 62 62 62 62 62 62 62 62 62 62 62 62 62 62 
62 62 62 62 62 62 62 62 62 62 56 62 62 62 62 
62 62 62 62 62 62 62 62 62 62 62 62 62 62 
62 62 62 62 62 62 62 62 62 62 62 62 62 
62 31 62 62 57 62 62 62 62 62 62 62 
62 62 62 62 62 62 62 62 62 62 62 
62 62 62 29 62 62 62 62 62 62 
62 62 62 62 62 62 62 62 62 
62 62 62 62 62 62 62 62 
62 62 62 62 62 62 62 
62 62 62 62 62 62 
62 62 62 62 24 
62 62 62 62 
62 62 62 
62 62 
62 

