20 20
8 16 14 10 10 17 20 20 16 3 12 19 10 12 11 4 11 20 10 
9 20 2 20 11 20 13 5 7 3 2 20 20 15 10 12 3 6 
15 20 5 19 20 2 12 20 0 0 6 12 2 1 4 8 1 
10 18 8 13 8 7 13 16 0 15 7 2 4 19 4 15 
20 17 11 12 14 9 20 20 4 18 11 16 13 0 9 
11 10 20 11 20 2 20 10 8 6 8 4 20 1 
11 9 19 15 0 6 20 16 17 15 8 6 14 
12 20 3 12 11 16 0 20 0 20 19 20 
20 0 9 10 10 11 17 20 6 14 18 
18 16 12 9 3 9 10 16 19 16 
17 20 9 12 13 14 19 20 2 
20 8 4 2 15 20 18 0 
16 20 1 15 20 17 0 
14 20 20 20 14 9 
8 1 5 5 20 
13 18 9 20 
3 20 2 
20 14 
1 

19 19 0 15 17 6 2 20 15 19 10 2 3 4 4 10 14 2 12 
12 20 0 20 11 10 6 8 20 6 3 16 12 17 5 3 17 1 
4 1 20 20 10 19 5 6 20 8 6 19 19 16 6 17 12 
18 20 13 1 17 14 6 8 18 16 16 17 20 9 11 20 
4 16 14 1 9 11 20 18 3 20 20 5 20 1 15 
11 14 14 20 8 16 3 16 3 10 20 4 0 20 
13 2 2 14 1 20 20 3 10 16 9 20 20 
20 1 11 17 14 16 5 10 16 20 20 17 
20 17 9 20 9 10 20 8 5 12 12 
15 20 7 12 3 2 0 10 3 1 
16 17 20 15 4 7 1 9 11 
12 1 20 20 7 0 5 18 
17 13 20 9 7 10 10 
0 18 7 13 16 5 
20 18 8 14 20 
20 17 13 20 
19 11 20 
20 4 
9 

1 8 13 19 13 20 16 13 12 12 7 16 4 12 2 9 18 9 2 
20 11 20 15 20 1 1 18 20 12 1 2 15 1 10 19 8 1 
17 20 20 20 6 0 1 1 15 0 20 11 17 7 20 17 8 
10 2 12 1 20 20 9 17 8 12 3 12 2 20 10 7 
18 1 20 14 10 18 3 13 3 20 2 13 0 15 8 
0 13 18 16 8 10 8 12 5 12 19 10 12 19 
2 3 15 2 19 20 4 20 14 17 20 15 10 
16 14 5 11 14 6 11 6 6 5 20 1 
19 7 6 2 14 20 7 5 17 15 15 
0 2 19 13 3 18 17 15 16 1 
8 20 20 7 16 7 6 11 6 
10 3 1 14 15 10 9 20 
10 8 8 6 5 0 10 
13 8 1 20 1 20 
20 20 20 20 20 
4 6 20 20 
20 20 20 
20 20 
20 

20 4 19 2 11 13 18 6 14 0 3 6 19 7 5 9 20 20 15 
8 4 20 9 20 12 19 18 6 10 10 7 17 20 7 18 20 3 
6 3 0 12 20 8 16 18 20 3 3 15 18 5 12 19 16 
20 19 18 17 0 14 8 20 3 13 13 13 12 17 11 5 
10 20 5 6 20 20 2 9 0 16 11 4 0 8 10 
0 15 6 16 1 11 20 4 16 18 2 7 20 20 
13 12 7 20 19 20 5 11 0 20 2 9 2 
20 16 8 7 20 18 14 17 14 19 0 20 
17 9 19 12 20 9 20 20 3 7 2 
13 20 20 16 3 7 20 12 11 12 
19 20 4 12 4 9 9 20 17 
12 1 12 20 11 20 18 20 
9 10 20 13 7 7 7 
6 14 16 6 20 9 
6 19 19 6 17 
20 17 20 4 
8 16 4 
0 2 
0 

8 11 11 9 11 0 5 20 8 2 2 3 20 0 20 3 9 17 11 
7 0 17 16 1 17 19 9 10 20 16 6 10 20 7 14 20 13 
1 13 18 20 9 2 8 20 20 5 7 11 19 13 10 20 13 
15 14 2 0 17 17 18 7 19 1 14 14 16 10 14 16 
7 14 18 20 5 15 10 0 16 16 4 7 20 9 7 
12 0 17 14 15 20 16 18 20 7 6 4 20 16 
13 8 15 17 14 15 16 12 4 13 2 19 19 
20 17 8 8 1 2 16 0 18 8 18 14 
20 18 20 16 8 20 13 5 16 17 6 
20 2 16 20 20 20 11 15 7 20 
20 12 4 20 16 9 6 5 17 
20 0 4 20 14 15 20 15 
12 8 3 20 11 1 5 
20 20 8 17 11 12 
20 0 20 20 1 
3 20 14 20 
11 20 0 
13 15 
8 

12 20 19 17 15 20 20 20 15 20 14 20 17 16 6 8 12 12 4 
16 5 8 14 20 9 2 15 7 2 10 1 9 2 20 11 14 8 
13 8 12 8 20 17 12 20 0 0 20 20 7 4 17 14 6 
2 20 8 18 9 15 3 16 8 12 8 16 20 20 0 13 
11 18 16 3 13 19 20 13 0 18 19 4 9 14 11 
20 8 17 20 6 18 5 20 11 9 12 5 20 17 
12 19 9 20 20 16 4 6 14 7 8 20 7 
3 8 6 18 19 20 12 16 20 20 9 10 
14 6 12 16 5 9 15 13 16 7 19 
0 15 1 15 20 3 2 17 12 13 
3 0 8 20 20 16 19 1 18 
20 0 9 13 20 20 16 19 
20 10 15 17 18 0 1 
6 0 20 11 17 16 
5 16 11 20 2 
7 14 11 20 
20 20 12 
4 3 
2 

14 20 9 13 12 17 0 0 0 15 6 4 1 14 3 18 13 14 5 
16 1 3 20 7 20 14 3 0 20 7 7 19 2 10 20 9 5 
12 0 5 14 9 5 5 13 1 15 10 1 20 11 15 10 3 
13 15 10 20 9 11 1 9 12 19 17 14 20 12 2 20 
8 20 5 20 4 0 14 20 20 3 20 20 8 3 10 
8 8 13 20 13 20 20 5 20 1 12 7 2 4 
4 3 17 7 20 20 10 19 16 2 11 20 17 
20 5 6 8 0 9 14 20 19 16 0 6 
16 8 1 20 18 0 17 3 15 9 20 
13 2 16 6 2 20 20 13 17 4 
16 11 0 14 20 18 14 11 8 
14 6 17 7 11 10 20 7 
14 20 13 9 20 0 20 
13 17 18 2 3 4 
12 9 20 20 8 
20 20 11 18 
13 10 16 
17 20 
5 

6 19 9 11 2 12 20 9 0 4 10 19 7 0 9 9 6 14 17 
9 8 20 12 9 20 0 3 8 3 16 18 6 17 5 1 20 12 
0 15 6 18 0 9 20 10 16 14 9 20 20 20 12 5 14 
19 15 3 17 20 7 17 3 19 3 6 15 5 7 20 8 
4 14 0 4 5 20 5 9 20 1 15 6 5 16 6 
13 20 2 3 11 19 6 15 16 20 11 15 12 15 
7 15 12 20 20 5 17 7 8 14 18 5 6 
14 8 19 20 10 14 20 12 0 10 10 20 
20 18 11 11 10 20 15 12 1 6 20 
5 20 20 14 19 0 11 2 0 19 
7 10 2 14 20 20 20 20 3 
14 12 8 10 1 17 5 20 
6 20 12 12 13 1 1 
20 20 10 4 14 20 
2 9 4 20 16 
7 8 15 20 
16 12 20 
20 20 
1 

14 9 20 20 20 6 13 12 15 17 20 6 1 3 0 13 12 0 10 
18 18 20 8 9 20 8 6 12 5 7 13 1 1 2 0 0 5 
4 17 15 4 20 16 14 0 9 7 4 1 0 15 7 8 1 
20 7 7 17 14 8 7 18 20 20 20 2 12 3 20 15 
20 5 16 5 8 8 16 8 20 20 18 17 20 11 18 
10 14 19 12 15 9 6 7 1 6 3 11 14 2 
10 3 4 11 6 6 20 2 0 11 2 6 15 
16 8 20 16 19 18 20 20 16 20 8 3 
5 8 5 16 10 20 20 8 17 11 19 
4 11 13 11 6 20 16 20 3 10 
2 12 7 19 13 20 8 10 20 
20 1 16 4 12 20 5 20 
11 19 8 20 9 0 12 
7 14 3 20 20 7 
13 4 3 13 3 
3 20 20 20 
20 9 16 
20 14 
13 

17 1 4 10 20 3 1 12 0 7 7 7 20 3 17 15 12 7 5 
2 20 16 11 4 0 7 8 2 16 20 11 6 4 19 10 13 15 
13 6 0 2 7 19 20 20 1 19 2 9 20 1 0 20 12 
10 0 2 20 14 0 10 4 6 9 20 15 12 9 14 6 
1 7 8 17 20 15 10 6 8 1 20 20 9 10 20 
20 12 13 20 20 14 4 17 15 5 7 20 20 9 
19 8 11 15 1 3 1 8 10 4 12 20 13 
12 14 0 5 2 18 20 15 9 12 10 6 
18 20 12 13 15 20 14 7 7 10 11 
3 20 14 20 5 20 20 20 12 14 
15 0 2 13 20 15 3 20 6 
12 20 6 14 2 17 12 20 
18 4 7 20 19 7 20 
9 10 16 1 8 20 
2 20 8 20 5 
5 9 4 20 
4 4 6 
6 16 
5 

