30 30
21 29 7 30 26 7 17 29 22 7 14 15 30 20 12 8 8 18 2 10 30 8 3 18 18 11 10 26 27 
8 11 10 17 30 8 30 30 23 15 6 25 27 23 7 23 17 4 1 3 28 28 24 16 30 23 10 30 
30 20 15 16 26 25 13 1 20 11 22 24 29 24 10 13 8 5 30 30 16 29 30 2 1 30 21 
30 14 4 30 0 17 19 12 13 4 0 2 7 30 14 24 21 30 14 12 11 16 15 17 30 20 
8 7 14 8 26 6 30 19 18 3 3 24 20 29 16 9 28 8 24 9 23 22 28 11 21 
30 12 30 30 25 2 1 19 20 4 3 2 12 30 10 4 1 18 6 30 10 16 30 22 
15 25 17 30 20 1 14 16 16 29 28 28 1 29 9 13 30 30 6 14 29 20 21 
29 10 19 16 5 0 21 15 23 1 30 12 0 14 30 4 22 10 28 27 9 14 
30 3 26 2 26 18 18 30 30 30 30 18 12 7 22 15 17 24 24 22 8 
30 21 21 6 1 22 1 0 11 1 4 12 30 14 22 15 21 1 1 20 
30 28 29 15 30 27 13 30 7 13 10 15 7 3 1 9 24 5 4 
22 13 10 12 4 19 8 20 6 4 16 30 2 30 2 24 30 3 
30 1 0 20 20 20 17 26 24 22 13 15 23 21 1 2 24 
26 15 11 14 0 18 2 3 23 27 19 26 30 19 29 15 
1 9 15 0 29 27 11 12 3 16 30 30 15 12 9 
6 12 11 29 14 4 24 18 20 0 3 23 5 0 
21 2 22 30 23 19 2 6 1 1 30 0 30 
0 30 3 4 1 4 25 25 30 19 11 29 
7 19 16 10 30 11 7 14 30 4 12 
24 5 16 25 30 19 21 30 23 24 
22 30 12 20 27 30 4 21 17 
23 12 17 5 13 9 30 30 
30 30 30 30 30 30 30 
30 30 30 30 30 30 
30 30 30 30 30 
30 15 30 30 
30 30 30 
30 30 
30 

7 19 11 30 29 14 9 11 26 21 16 21 25 23 18 26 30 27 16 7 12 4 15 30 0 20 18 14 19 
30 30 11 15 5 30 14 9 30 13 19 11 30 19 27 10 30 15 9 1 19 29 4 14 23 7 19 30 
20 21 28 19 30 9 11 18 9 20 23 28 30 3 29 27 26 30 0 6 30 30 30 14 30 29 24 
26 20 30 15 0 18 22 24 15 26 0 7 19 30 24 30 6 29 10 29 30 7 6 11 29 4 
21 3 20 0 24 30 26 7 30 28 26 2 27 2 25 14 13 20 30 30 30 30 17 26 17 
12 29 18 27 29 23 26 7 20 12 12 30 30 19 5 15 6 3 5 30 22 30 30 17 
30 17 2 6 25 12 9 27 24 25 15 26 30 13 30 9 5 16 18 25 8 12 23 
18 18 27 30 29 28 18 30 20 15 18 2 14 30 30 22 11 30 12 11 30 1 
30 25 0 10 3 30 12 27 30 30 25 15 0 30 22 26 24 8 19 28 13 
24 26 11 30 24 30 30 29 30 14 28 13 10 4 16 24 30 30 21 10 
1 22 30 25 8 17 25 29 3 16 1 25 18 30 13 9 28 5 13 
4 23 12 1 5 5 13 13 30 11 26 15 18 16 2 27 28 14 
12 7 3 20 8 26 3 20 13 30 21 14 28 20 30 17 29 
25 6 0 30 25 23 21 24 10 5 15 8 16 28 7 30 
23 19 30 17 23 29 30 5 14 7 21 15 10 6 17 
15 11 16 30 13 13 10 9 28 18 7 12 23 28 
6 30 30 24 30 27 6 13 3 15 15 17 24 
18 18 7 24 7 30 26 10 19 5 28 4 
24 1 19 7 30 15 8 8 21 18 27 
17 25 15 11 30 8 27 9 18 30 
30 21 24 12 28 5 30 30 16 
30 6 1 30 30 30 20 23 
29 1 30 30 30 30 9 
12 10 2 30 26 22 
14 17 3 13 30 
14 30 30 30 
19 30 30 
15 3 
22 

29 20 2 28 30 2 30 2 3 15 29 3 24 23 30 0 22 10 1 27 27 17 10 0 2 9 12 29 5 
10 12 11 30 14 6 22 8 2 4 30 14 2 26 12 18 4 18 27 25 24 8 11 18 30 27 22 30 
12 16 5 20 4 12 18 19 29 0 22 2 4 4 27 25 3 9 18 30 8 18 18 29 9 19 30 
30 4 20 27 30 11 29 7 28 21 25 5 30 23 9 20 30 24 13 8 16 22 24 1 10 28 
21 15 30 2 25 18 10 19 7 25 21 30 8 27 8 30 14 23 23 1 4 28 19 4 30 
25 18 16 25 9 7 29 21 10 25 11 30 18 22 18 9 7 23 3 2 30 23 16 14 
30 24 9 25 14 3 13 17 2 29 12 2 10 3 7 7 28 25 19 21 30 21 25 
9 20 26 15 10 11 30 13 12 13 8 5 10 4 11 30 16 30 16 30 11 22 
3 1 26 5 19 30 7 8 18 21 6 30 15 9 6 3 21 10 30 11 30 
24 12 27 29 26 28 19 30 24 25 27 14 10 30 12 6 30 7 6 13 
7 16 12 6 21 14 14 14 9 18 18 13 30 15 28 22 14 27 20 
18 7 30 14 9 24 5 7 18 24 17 3 17 30 18 14 6 7 
23 5 1 23 23 30 21 20 15 21 2 7 27 7 30 19 3 
15 30 18 24 30 28 7 18 18 30 30 12 30 30 19 30 
30 20 30 3 13 30 17 30 30 30 13 3 19 23 27 
11 3 2 30 29 1 30 7 30 10 6 30 30 24 
30 10 0 24 8 30 30 27 12 30 30 9 12 
12 17 7 30 30 16 10 30 6 30 23 30 
17 30 8 1 30 30 15 2 19 4 30 
20 30 7 30 19 13 30 3 11 30 
6 17 24 18 30 25 30 29 30 
4 30 20 30 5 30 0 30 
12 14 17 30 30 3 29 
13 9 0 22 30 10 
8 27 7 13 3 
27 30 23 30 
11 11 3 
30 20 
30 

28 14 2 28 14 17 28 9 24 17 8 3 1 3 21 10 25 19 30 17 27 28 5 10 14 2 10 3 18 
30 21 29 11 6 22 21 16 1 7 10 12 0 10 29 13 29 27 7 29 30 3 11 0 12 14 0 14 
11 21 2 0 13 10 26 6 4 14 21 16 14 18 21 25 30 30 11 3 14 30 4 2 20 10 18 
26 12 16 6 24 8 13 28 28 7 5 4 9 30 7 0 29 14 30 30 28 12 30 18 30 1 
26 0 20 9 28 1 11 11 24 10 23 4 16 6 11 19 7 30 27 25 3 30 30 30 26 
29 26 4 19 30 5 21 24 30 30 5 9 30 23 24 30 30 17 30 30 25 30 22 1 
12 14 10 26 1 30 0 30 16 30 7 30 11 5 26 21 15 11 30 30 20 13 2 
28 12 5 15 19 15 4 30 30 28 10 25 25 13 19 30 30 30 21 17 6 1 
14 15 16 30 30 9 25 5 23 30 18 29 21 18 17 4 28 24 21 30 19 
14 26 25 18 11 30 29 14 3 15 3 5 23 30 30 30 26 0 30 26 
17 9 6 14 23 28 18 14 8 7 30 1 26 30 30 19 19 24 25 
14 30 30 14 2 19 30 30 28 19 22 23 19 9 10 22 9 5 
24 23 10 4 4 21 8 30 21 30 29 7 25 30 0 0 29 
27 12 19 27 30 25 9 30 1 14 26 14 13 30 20 0 
18 30 30 5 2 30 29 15 27 16 30 19 30 30 30 
13 30 7 30 30 30 19 13 18 24 1 25 28 27 
0 18 1 1 30 19 19 30 30 23 11 9 22 
5 1 30 23 20 17 30 3 19 2 9 30 
10 22 18 14 9 3 11 5 10 19 1 
23 30 21 25 18 25 29 7 21 18 
30 30 11 30 16 5 1 6 25 
11 4 21 4 30 27 2 24 
20 28 30 7 18 3 20 
30 30 30 10 15 20 
30 30 16 18 30 
22 27 30 0 
3 28 3 
1 22 
7 

30 29 11 20 2 30 6 29 20 30 30 13 5 22 6 30 13 16 17 14 21 12 30 24 11 25 27 7 22 
3 24 7 1 27 11 18 0 13 14 12 17 28 12 10 2 7 16 30 13 0 11 4 22 30 30 6 14 
26 29 14 26 13 9 30 5 30 27 30 8 12 10 11 16 21 4 12 15 25 30 30 3 18 29 30 
27 30 15 8 16 20 11 18 30 3 30 6 19 22 5 7 26 3 30 29 11 13 19 4 4 30 
23 22 11 3 19 15 18 30 7 4 25 17 12 8 30 0 30 30 23 23 30 12 20 7 21 
30 17 0 6 3 30 22 30 14 30 25 7 28 30 18 8 25 14 29 5 29 30 30 30 
0 18 25 2 3 30 30 18 18 22 15 3 24 16 23 22 30 30 18 7 15 7 24 
22 14 17 21 0 27 30 30 13 14 3 30 19 25 5 26 5 23 4 30 30 24 
20 30 30 14 20 1 23 18 1 30 29 15 9 25 30 3 1 7 20 11 19 
16 3 13 25 30 29 30 6 13 1 30 7 24 26 30 9 7 12 13 23 
7 15 13 18 0 28 30 1 21 28 25 2 19 4 30 30 27 26 27 
9 14 8 9 30 26 12 15 15 27 13 11 15 22 30 25 4 17 
13 24 27 8 24 22 5 17 29 9 8 19 20 21 8 25 24 
15 28 14 5 30 7 30 30 11 11 16 19 24 0 9 16 
22 13 22 30 23 14 4 13 11 28 10 30 1 22 30 
9 27 26 22 2 19 30 24 30 30 30 22 27 14 
27 30 30 2 13 24 6 9 5 22 18 19 26 
30 30 30 22 8 23 28 30 10 11 14 27 
13 24 19 5 7 2 5 4 8 19 11 
24 14 30 24 0 30 13 28 26 19 
15 20 15 6 4 3 30 30 5 
14 3 13 16 23 3 30 17 
25 27 30 13 23 30 8 
25 30 30 30 7 30 
28 21 8 30 16 
30 4 2 13 
28 29 30 
30 17 
30 

23 8 25 19 17 13 14 19 6 30 6 1 17 9 16 4 26 13 12 1 18 9 7 30 30 21 21 7 8 
20 5 26 14 1 16 30 17 4 30 14 30 30 11 30 18 29 16 14 19 25 30 16 14 18 22 9 18 
30 8 22 8 29 30 17 23 26 30 18 29 20 2 27 4 29 24 27 29 7 4 19 29 28 30 1 
13 25 30 25 27 30 21 0 28 15 12 27 30 29 1 23 10 30 7 10 13 30 29 12 20 10 
10 10 26 8 26 6 21 18 18 10 21 14 22 30 5 0 9 3 20 2 20 6 18 7 28 
11 16 14 30 7 28 27 24 26 27 7 21 20 2 20 12 17 8 0 10 8 11 30 25 
21 17 30 30 12 3 2 16 22 19 25 18 0 25 19 0 28 24 4 20 13 30 23 
29 26 6 24 26 5 30 9 28 9 30 10 30 16 3 8 29 30 12 23 0 30 
16 11 12 13 12 30 1 22 30 28 30 30 0 13 21 27 21 23 18 9 13 
30 30 4 26 14 17 17 9 30 3 24 30 17 30 0 30 17 4 24 28 
2 27 21 15 19 7 24 10 30 20 10 15 12 30 25 30 30 9 30 
29 7 11 30 12 30 30 21 18 30 30 3 29 29 26 13 30 15 
30 18 21 30 10 9 12 0 14 22 30 19 20 30 30 30 0 
30 30 22 30 14 21 17 30 30 20 13 30 8 12 30 15 
4 15 1 0 2 21 9 3 11 30 21 27 24 30 12 
8 3 23 23 17 20 30 18 25 30 22 19 30 8 
21 25 29 30 24 1 27 7 14 0 20 30 30 
30 28 13 19 27 25 3 6 8 30 30 22 
3 28 12 16 1 10 23 19 14 26 2 
24 17 6 23 30 9 19 23 30 30 
28 12 30 26 18 17 4 2 9 
30 7 29 30 2 30 30 29 
30 11 30 12 21 6 2 
25 12 27 30 26 24 
7 25 17 30 20 
6 21 25 24 
23 30 20 
4 22 
28 

12 10 30 23 16 16 5 2 8 1 10 5 6 15 2 7 1 1 5 21 17 30 26 14 19 18 30 6 1 
26 3 8 2 6 19 30 5 5 12 7 19 12 8 30 20 18 30 1 30 19 25 30 19 28 21 18 3 
19 12 20 4 30 19 13 30 1 30 28 7 13 5 30 30 29 5 1 5 15 26 30 26 13 25 13 
26 28 17 20 16 6 17 29 24 11 8 5 0 30 9 30 20 5 30 12 10 14 10 0 7 7 
1 3 21 24 13 12 18 14 25 6 9 14 1 8 2 9 25 0 4 28 12 19 26 7 30 
15 1 21 30 27 21 1 27 2 9 30 26 23 22 3 12 30 29 2 26 29 14 30 17 
15 23 13 30 27 5 20 30 27 1 30 7 22 26 22 14 16 30 24 0 28 30 28 
30 20 30 30 16 17 30 16 26 19 23 3 7 8 28 30 30 19 30 7 9 30 
30 30 15 18 5 16 30 17 0 3 21 30 20 22 7 18 30 21 30 30 30 
30 1 0 26 11 12 18 30 16 8 10 4 7 0 18 3 17 14 12 30 
30 26 17 16 23 19 12 29 13 30 15 30 22 4 15 20 7 14 17 
23 30 21 1 21 0 26 7 4 22 30 1 15 4 10 19 9 0 
27 3 30 16 6 30 14 11 3 7 1 3 25 13 6 3 30 
13 1 12 30 30 30 3 27 22 3 18 1 30 8 18 9 
13 12 21 9 30 17 22 26 22 8 21 29 22 30 30 
12 23 30 30 30 12 20 12 7 16 7 9 17 30 
12 26 30 10 30 25 15 17 5 30 21 4 24 
1 30 17 30 14 30 5 26 30 11 30 12 
29 10 6 5 30 29 17 30 8 17 13 
11 30 16 7 20 28 30 12 30 30 
30 19 24 0 11 16 5 28 17 
18 20 14 2 26 19 10 0 
13 30 14 10 26 21 30 
6 6 5 5 1 29 
22 0 13 30 22 
8 14 30 8 
30 30 10 
6 30 
25 

27 26 3 2 27 18 30 14 27 28 27 1 8 30 16 16 19 13 21 6 4 5 14 11 26 5 28 5 9 
26 19 30 5 10 6 0 8 13 26 13 22 6 11 5 22 9 19 23 5 8 30 9 14 19 16 22 22 
5 6 27 7 26 20 13 22 27 7 9 21 13 29 30 0 30 5 0 2 10 21 24 26 9 14 12 
30 1 9 12 13 24 9 14 0 17 5 0 26 28 15 24 20 29 5 21 24 15 1 8 13 1 
18 18 7 2 16 15 0 7 14 30 23 13 18 30 11 5 29 15 27 18 5 16 1 12 30 
28 3 16 2 18 22 11 25 30 13 17 17 11 17 16 12 12 24 27 3 30 12 11 30 
8 20 0 5 8 30 13 1 30 5 0 20 20 18 8 1 30 25 26 30 10 11 6 
30 8 30 27 6 21 4 21 13 20 5 14 9 30 25 25 26 30 6 11 30 9 
23 30 8 20 30 9 6 18 30 30 30 10 22 0 0 23 12 11 10 14 15 
30 27 16 30 30 14 22 10 10 28 26 11 30 20 4 3 30 10 3 11 
30 28 22 30 30 8 14 2 0 30 9 30 30 27 20 21 16 19 30 
30 7 6 30 24 9 14 4 22 30 30 30 30 26 2 23 1 6 
29 2 10 21 10 2 30 23 17 13 26 10 4 2 30 13 26 
5 28 26 30 30 15 22 24 27 4 22 15 27 16 3 8 
2 30 3 15 12 30 25 2 30 30 30 30 14 7 13 
30 1 15 21 7 30 24 30 25 18 23 10 30 30 
30 0 4 26 23 1 2 18 3 30 30 30 16 
30 28 30 17 21 23 15 3 30 6 30 30 
23 30 30 3 26 26 6 28 17 23 30 
2 3 2 16 30 2 17 14 25 30 
7 30 11 6 5 30 9 1 4 
3 30 26 25 30 25 16 30 
28 12 0 17 19 22 30 
17 30 19 30 23 20 
12 2 23 7 30 
0 30 30 26 
2 17 30 
27 30 
9 

25 22 7 25 15 21 16 30 11 26 6 18 19 19 20 27 3 7 21 11 28 10 4 1 26 1 29 24 29 
22 24 10 17 16 30 5 30 15 16 18 16 21 9 3 7 28 5 22 11 21 21 10 12 18 25 9 12 
12 11 30 30 10 4 7 28 13 5 16 3 11 15 15 3 0 10 11 3 11 20 17 2 30 24 28 
26 3 15 26 26 2 19 22 17 2 25 2 9 11 21 11 15 19 20 0 6 14 20 7 5 20 
19 2 7 20 29 14 15 17 25 19 8 29 8 7 2 3 30 13 26 12 4 1 3 29 30 
28 26 25 30 29 30 4 26 12 16 5 7 2 7 8 25 30 0 14 10 2 21 22 4 
2 16 10 11 30 22 30 19 21 28 20 20 30 30 30 8 12 12 12 24 28 26 10 
11 25 29 27 16 9 9 7 5 7 16 9 30 30 25 16 3 4 14 30 12 30 
1 30 30 29 19 1 1 11 24 12 16 7 30 11 27 30 30 14 5 30 3 
30 29 28 12 19 6 10 1 5 30 7 30 30 3 18 14 1 30 30 21 
30 10 19 30 25 30 9 30 13 30 14 25 30 27 27 28 30 10 10 
13 30 9 9 30 11 11 30 28 26 30 4 28 12 18 28 3 24 
3 30 15 0 22 29 21 14 11 30 17 30 23 14 26 12 12 
30 30 20 30 30 29 30 18 7 24 24 24 12 25 13 30 
1 10 28 3 30 13 30 30 27 5 16 20 16 15 18 
30 16 30 1 0 30 9 13 28 10 30 30 17 29 
22 5 23 29 1 8 28 17 30 30 21 22 7 
30 30 19 30 12 26 18 30 30 17 17 17 
17 21 12 30 30 30 2 2 30 30 30 
11 0 27 27 5 30 22 0 23 22 
30 18 14 18 14 29 5 30 9 
28 30 10 1 16 30 30 30 
30 11 6 7 18 28 18 
2 8 26 9 11 20 
30 26 30 30 6 
10 29 30 30 
14 23 16 
12 30 
27 

6 10 9 30 10 22 7 14 20 3 2 30 28 0 0 2 30 0 2 14 8 2 22 30 19 5 12 30 30 
30 21 11 20 19 9 14 11 30 0 14 19 21 13 27 2 27 13 8 5 3 23 10 13 20 1 6 16 
30 4 13 8 7 14 17 30 15 15 15 28 23 3 18 30 9 13 20 30 30 23 30 5 30 20 15 
6 9 20 30 11 30 22 0 11 4 30 30 30 14 18 22 25 9 29 22 30 23 30 21 1 29 
15 27 30 5 3 21 3 30 17 8 30 18 6 23 0 3 30 30 2 3 26 3 13 4 30 
21 21 14 22 5 23 26 1 18 18 16 16 17 17 30 14 11 9 13 15 4 30 3 22 
21 4 30 5 30 8 7 5 28 30 6 7 7 30 21 8 30 9 7 14 16 8 18 
30 30 29 30 0 29 5 23 22 30 28 30 30 21 29 27 27 30 30 16 25 14 
15 18 30 18 14 15 3 0 29 27 20 12 11 8 25 16 28 30 8 1 12 
7 0 10 29 23 29 30 30 9 30 17 10 23 21 4 11 30 3 22 30 
4 26 9 12 19 27 13 17 0 26 23 13 30 22 1 25 26 30 0 
30 26 22 30 29 12 15 8 30 2 30 13 7 13 13 30 17 20 
18 7 10 29 30 14 4 22 14 25 30 30 13 30 19 20 30 
30 28 11 11 4 11 4 16 16 26 24 30 28 2 12 23 
16 25 5 9 9 16 30 30 2 30 12 30 17 10 10 
13 1 30 30 16 15 2 2 22 1 30 25 21 19 
6 18 22 9 10 25 29 29 27 0 16 7 6 
3 19 30 4 22 15 14 30 23 4 30 14 
12 30 21 16 25 21 27 1 3 8 15 
30 21 0 30 30 30 18 8 2 30 
5 5 14 0 29 10 22 0 27 
24 19 18 11 28 0 25 22 
28 24 23 30 10 30 30 
26 18 14 24 30 30 
1 30 10 20 10 
29 11 27 5 
23 9 9 
30 5 
8 

