40 40
40 40 40 40 40 6 40 40 40 40 40 19 40 40 40 40 40 40 11 40 40 23 40 10 40 40 40 40 40 40 40 40 40 40 40 40 40 40 40 
40 40 40 40 40 17 12 29 40 40 40 40 40 40 40 40 33 40 40 40 40 40 40 40 20 22 34 34 40 40 40 24 40 40 40 40 32 38 
32 40 40 40 40 40 40 38 40 40 40 40 40 40 40 40 37 40 40 40 40 40 40 35 0 40 40 40 40 40 40 17 40 11 6 40 27 
40 40 19 40 40 40 40 40 40 40 16 40 40 21 20 35 40 40 40 40 10 40 40 40 40 40 40 8 30 40 40 40 40 40 31 22 
40 40 40 40 40 40 11 40 40 40 11 32 40 12 31 40 40 38 40 40 40 40 40 40 40 40 40 40 40 40 3 15 40 26 6 
40 26 33 40 40 40 40 5 40 38 8 40 40 40 40 40 40 22 40 40 40 40 40 40 40 27 1 19 22 21 40 40 40 40 
40 40 16 12 17 40 40 40 10 40 40 40 40 40 40 40 40 40 40 40 40 40 40 40 6 25 5 40 40 40 40 40 39 
40 40 0 19 40 6 40 40 40 40 37 36 3 40 19 40 40 22 40 40 40 11 40 40 40 24 40 40 4 40 40 30 
40 40 9 40 40 40 26 40 7 40 40 17 40 40 40 40 40 29 40 40 40 28 18 40 2 40 40 40 20 28 40 
40 40 40 40 27 40 40 40 40 1 40 25 40 40 40 40 39 21 40 40 17 40 40 40 40 40 40 40 20 28 
40 40 14 10 40 26 31 29 40 40 40 40 40 40 40 5 25 40 12 31 12 25 40 3 40 40 4 40 40 
40 38 37 0 30 40 27 27 40 40 35 40 40 29 40 40 40 40 40 40 40 40 17 35 40 40 40 40 
40 40 40 40 19 40 8 40 3 40 5 31 40 40 40 40 35 40 19 40 40 40 40 40 2 40 40 
40 40 28 40 40 40 15 40 40 0 17 40 40 40 40 40 40 40 40 40 40 7 40 40 40 40 
40 40 40 27 40 24 27 40 4 11 40 40 9 19 40 3 40 40 40 40 40 40 40 40 13 
1 40 37 40 37 40 34 40 40 40 40 40 40 40 40 40 40 40 40 40 40 40 6 40 
40 40 40 40 40 40 40 40 40 40 40 40 40 40 40 40 40 40 40 40 40 40 40 
40 40 40 40 40 40 40 40 40 40 40 40 40 40 40 40 40 40 40 40 40 40 
40 40 40 40 40 40 40 40 40 40 40 40 40 40 40 40 40 25 40 40 40 
40 40 40 40 40 40 40 40 40 40 40 40 40 40 40 40 40 40 40 40 
40 40 40 40 40 40 40 40 40 40 40 40 40 40 40 40 40 40 40 
40 27 40 40 40 40 40 40 40 40 40 40 40 40 40 40 40 40 
40 40 40 40 40 17 40 40 40 40 40 40 40 40 40 40 5 
40 40 40 40 40 40 40 40 40 40 40 40 40 40 40 40 
40 40 40 40 40 15 40 40 40 40 40 40 40 40 40 
40 40 40 40 40 40 40 39 40 40 40 22 40 40 
40 32 40 40 40 40 40 40 40 40 40 40 40 
40 25 40 40 40 40 40 40 40 40 40 40 
40 15 40 40 40 40 40 40 40 40 40 
40 40 40 40 40 40 40 40 40 40 
40 40 40 40 40 40 40 40 40 
40 40 40 40 40 40 40 40 
3 40 40 40 40 40 40 
40 40 40 40 40 40 
40 40 40 15 40 
40 40 40 40 
40 40 40 
40 40 
40 

29 40 14 40 40 36 13 40 40 12 40 40 40 40 40 40 40 25 7 40 39 40 11 40 40 12 14 30 40 33 35 40 17 10 40 40 19 29 31 
4 40 40 40 40 24 40 40 40 40 40 21 13 11 40 40 40 39 40 40 40 40 39 40 40 40 27 33 40 40 10 38 40 40 36 40 40 29 
40 40 40 21 40 32 40 40 40 7 38 40 40 40 26 40 14 40 40 7 40 8 40 40 3 40 19 23 40 40 40 40 40 40 40 40 40 
40 4 40 40 26 7 40 40 38 11 40 40 40 40 40 40 39 40 21 40 40 27 34 35 40 40 40 40 27 40 40 40 40 36 33 40 
40 5 34 40 36 40 40 40 40 40 7 40 40 13 40 29 40 40 40 40 23 18 12 8 40 5 38 5 40 32 18 25 1 40 40 
34 10 40 33 40 37 40 40 34 40 40 40 40 40 40 17 40 30 16 40 7 40 40 18 40 40 35 12 21 26 7 40 40 40 
40 27 40 34 40 40 18 40 40 19 37 40 6 40 40 40 40 40 31 40 40 40 40 40 40 40 40 21 40 22 40 31 40 
40 22 30 39 40 40 18 9 29 40 40 40 40 40 15 21 40 17 40 40 40 40 24 10 40 40 40 8 19 40 40 37 
40 40 40 40 40 40 33 40 32 32 40 40 35 25 40 8 40 33 40 40 40 40 40 40 40 28 40 40 22 40 40 
40 40 40 35 40 40 1 40 40 16 40 7 40 40 21 40 8 1 40 40 37 31 17 40 40 40 40 40 40 31 
3 40 35 40 40 40 40 40 40 19 40 40 40 40 40 40 40 40 40 40 40 40 40 40 40 40 40 40 40 
40 40 40 40 40 40 34 40 40 40 40 40 40 40 40 40 40 40 40 40 40 40 40 40 40 40 40 40 
40 40 40 12 40 40 40 40 40 40 40 40 40 40 40 40 40 15 40 40 40 40 40 40 40 40 40 
40 40 40 40 12 40 40 40 40 40 40 40 40 40 40 40 40 40 40 40 40 40 40 40 40 40 
40 40 40 40 40 40 40 40 40 40 40 40 40 40 40 40 40 40 40 40 40 40 40 40 1 
0 40 40 40 40 40 40 40 40 40 11 40 40 10 40 40 40 40 40 40 40 40 40 40 
40 40 40 40 40 40 40 40 40 40 40 40 40 40 40 40 40 40 40 40 40 40 40 
40 40 40 40 40 40 20 40 40 40 26 40 40 8 40 40 40 40 40 40 40 40 
40 40 40 40 40 40 40 40 40 40 40 40 40 40 40 40 40 40 40 40 40 
40 40 40 40 40 40 40 40 40 40 40 40 40 20 40 40 40 40 40 40 
40 40 18 40 40 40 40 40 40 40 40 40 40 40 40 40 40 40 40 
40 40 40 40 40 40 40 40 40 8 40 40 40 40 40 40 40 40 
40 40 40 40 40 40 40 40 40 40 40 40 40 40 40 40 40 
40 25 40 40 40 40 40 40 40 40 40 26 40 40 40 40 
40 40 40 40 40 40 40 40 40 40 0 40 40 40 40 
40 40 40 40 40 40 40 40 40 40 40 40 40 40 
40 40 40 40 40 40 40 40 40 40 40 17 40 
40 40 40 40 40 40 40 40 8 40 40 40 
40 40 40 40 40 40 40 40 40 40 40 
40 40 40 40 40 40 40 29 40 40 
40 40 40 40 40 40 40 40 40 
40 40 40 40 40 40 40 40 
40 40 40 40 40 40 40 
40 40 40 40 40 40 
40 12 40 40 40 
40 40 40 40 
40 40 40 
40 40 
40 

10 40 5 39 40 40 40 40 40 40 22 40 40 40 21 40 40 40 40 40 40 38 24 40 40 40 40 40 40 40 6 40 40 40 40 40 40 40 40 
14 14 40 40 36 40 40 33 7 40 40 40 40 40 40 40 40 40 40 10 40 40 28 1 25 40 40 6 40 39 40 40 40 40 40 40 8 40 
24 40 40 40 29 40 40 40 40 11 40 40 40 40 40 40 40 33 40 40 40 40 40 40 40 28 40 40 40 40 40 20 19 40 40 40 40 
40 7 40 24 40 40 40 40 40 40 40 2 40 40 40 40 40 40 40 37 9 40 40 32 40 40 12 40 40 0 40 40 40 40 40 40 
40 40 40 18 40 40 40 40 40 40 40 40 40 40 10 40 40 40 20 40 40 40 40 40 38 40 33 15 40 40 0 40 11 40 40 
40 40 40 40 2 40 22 40 40 40 40 40 40 40 40 21 40 24 0 40 40 40 40 40 23 40 40 40 40 40 40 40 40 40 
40 20 40 40 40 40 40 40 40 3 40 40 40 40 9 40 40 40 40 40 40 40 40 40 40 40 7 40 40 40 40 40 40 
40 40 40 40 21 40 40 40 40 40 40 40 26 40 40 25 40 35 40 25 40 12 40 10 40 19 40 40 40 40 22 40 
12 40 40 40 40 40 40 40 40 40 40 40 2 40 40 40 40 16 4 40 40 24 40 40 40 40 40 40 40 40 20 
40 5 23 9 7 40 40 40 40 40 40 40 40 40 40 40 40 8 40 40 40 40 13 40 40 40 40 40 40 38 
5 40 40 19 40 40 40 19 40 40 17 40 40 40 40 40 40 40 34 40 40 40 6 40 40 40 20 23 40 
12 40 40 40 12 40 40 40 40 4 40 40 40 40 40 40 40 30 40 40 40 40 34 40 40 16 25 40 
4 40 40 40 40 32 40 40 40 40 40 25 40 40 40 29 27 40 40 40 40 40 31 4 40 40 19 
40 40 40 13 38 40 4 40 40 40 27 36 15 40 40 3 40 40 15 40 25 40 40 40 17 14 
40 40 37 40 40 40 40 21 23 2 40 40 40 40 40 40 40 16 37 40 40 40 40 40 40 
40 40 40 40 7 40 40 40 40 40 6 37 40 40 40 40 36 40 40 40 40 40 40 37 
40 40 40 40 23 40 40 40 40 40 40 40 5 40 40 40 40 40 40 40 1 40 40 
40 27 40 40 40 40 32 40 40 40 40 40 40 40 40 40 40 40 40 40 40 40 
40 6 40 33 17 40 40 40 40 40 40 3 40 40 40 40 40 0 20 40 40 
40 35 40 40 40 40 40 40 40 40 40 40 40 40 40 40 40 40 40 40 
40 40 40 40 40 40 40 40 40 11 40 17 40 40 20 40 18 40 40 
40 40 40 40 8 40 40 40 21 40 40 4 40 40 40 40 40 40 
40 40 40 40 24 28 40 13 40 40 0 40 40 40 40 40 40 
5 40 40 40 3 40 40 32 40 39 40 40 8 40 40 40 
40 11 40 40 40 40 40 40 40 40 40 40 16 17 40 
40 40 40 40 40 40 40 40 40 14 40 40 40 40 
40 40 40 40 40 40 40 40 40 40 18 40 40 
40 40 40 40 40 40 40 40 40 2 40 40 
40 40 40 40 40 40 40 40 40 40 40 
40 30 40 40 40 40 40 40 40 40 
40 40 40 40 40 40 40 40 40 
40 40 12 40 40 40 40 40 
40 40 40 40 40 40 40 
40 40 40 40 40 40 
40 40 40 40 40 
40 40 40 40 
40 40 40 
40 40 
40 

40 28 35 23 30 28 30 0 16 9 13 10 8 7 40 15 40 40 40 40 40 40 34 17 19 40 19 15 3 2 34 14 35 40 1 2 40 21 19 
24 28 40 40 40 13 37 36 2 26 40 40 10 40 40 33 11 20 8 40 37 40 40 37 40 40 1 39 18 40 40 38 16 30 24 39 35 1 
27 40 40 2 34 9 8 40 20 16 30 40 15 18 40 40 34 40 40 40 40 35 39 35 40 26 40 7 28 32 40 5 9 33 30 19 40 
40 40 40 40 40 40 29 40 16 7 0 40 1 6 23 40 40 23 40 6 35 28 20 24 40 27 18 3 37 16 40 40 6 18 25 5 
40 14 33 34 17 26 40 37 28 40 3 4 21 40 27 40 34 7 40 40 24 40 28 24 22 1 40 17 40 40 25 40 40 40 10 
24 40 19 4 20 4 7 28 40 28 40 35 29 35 40 40 40 40 40 40 40 40 40 40 40 40 40 40 40 40 40 40 40 40 
40 40 40 40 40 40 40 40 40 40 40 31 40 40 40 40 40 40 40 40 40 40 40 40 40 40 40 40 40 40 40 40 40 
40 40 40 40 40 38 40 40 40 40 40 40 40 40 40 19 40 40 40 40 40 40 40 40 40 40 40 40 40 40 40 40 
40 40 40 40 40 40 40 40 40 40 40 40 40 40 40 40 40 40 5 40 40 40 40 40 26 40 40 40 40 40 40 
40 40 40 40 40 40 40 40 40 40 40 40 40 40 40 40 40 40 40 40 40 40 40 40 40 40 40 40 17 40 
40 40 40 40 40 40 40 40 40 40 40 40 40 40 40 40 40 40 40 40 40 5 40 40 40 40 40 40 40 
40 40 40 40 40 40 40 40 40 40 40 40 40 40 40 40 40 40 40 40 40 40 40 40 40 40 40 40 
40 40 40 40 40 24 40 40 40 40 40 40 40 40 40 40 40 40 40 40 40 40 40 40 40 40 40 
40 40 40 40 40 40 40 40 40 40 40 40 40 40 40 40 40 40 35 40 1 40 40 40 40 40 
40 40 40 27 40 40 40 40 40 40 40 40 40 40 40 40 7 40 40 40 40 40 40 40 40 
40 40 40 40 40 40 40 40 40 40 40 40 40 40 40 40 39 40 40 40 40 40 40 40 
40 40 40 40 40 40 40 40 40 40 40 40 40 40 40 40 40 40 40 40 40 40 40 
40 40 40 40 40 40 40 40 7 40 40 40 40 40 40 40 40 40 40 40 40 40 
40 40 40 40 40 40 40 40 40 40 40 40 40 40 40 40 40 40 40 40 40 
40 40 40 40 40 40 40 40 40 40 40 40 40 40 40 40 40 40 35 40 
40 40 40 40 40 40 40 40 25 40 40 14 40 40 40 40 40 40 40 
40 40 40 40 40 40 40 18 40 40 40 40 40 40 40 40 40 40 
40 40 40 2 40 40 40 40 40 15 40 40 40 40 40 40 40 
40 40 40 40 40 40 40 40 40 40 40 40 40 40 40 40 
40 40 40 40 40 40 40 40 40 40 6 40 40 40 40 
40 40 40 40 40 40 40 40 15 40 40 40 40 40 
40 10 40 40 40 40 40 40 40 40 40 40 40 
40 40 40 40 40 40 40 40 40 19 40 40 
40 40 0 40 40 40 40 40 40 40 40 
40 40 40 40 40 40 40 40 40 40 
40 40 40 40 40 40 40 40 15 
40 40 40 40 40 40 40 40 
40 40 40 21 40 40 40 
40 40 40 40 40 40 
40 40 40 40 40 
40 40 40 40 
40 40 40 
40 40 
40 

9 30 4 40 10 20 3 27 0 10 5 37 30 0 20 38 16 31 1 31 0 8 17 39 2 0 39 28 7 7 23 9 33 29 3 9 5 10 18 
40 32 31 21 21 30 27 14 40 17 0 24 29 7 11 8 37 39 14 4 12 24 9 7 18 40 17 1 9 7 9 15 29 40 31 14 40 40 
10 22 23 40 14 31 29 3 38 36 25 22 28 9 30 39 35 17 15 10 23 7 5 19 40 20 1 8 23 32 1 39 33 19 13 8 1 
23 36 35 30 3 32 35 12 31 33 32 26 40 18 25 0 19 39 40 25 0 40 40 40 40 40 40 7 40 40 40 40 40 40 40 40 
40 40 40 40 40 40 40 40 40 40 40 40 40 40 40 40 23 40 40 40 40 40 40 40 40 40 40 40 40 40 40 40 40 40 40 
40 40 40 40 40 40 40 40 40 40 40 40 40 2 40 27 40 40 40 40 40 40 40 40 40 40 40 40 40 40 40 40 40 40 
40 40 40 40 40 40 40 40 40 40 40 10 40 40 40 40 5 40 40 40 40 40 40 40 40 40 40 40 40 40 40 40 40 
40 40 40 40 40 40 40 40 40 40 40 40 40 34 40 40 40 40 40 40 40 40 40 40 40 40 40 40 40 40 40 40 
40 40 40 40 40 40 40 40 40 40 40 40 40 40 40 40 40 40 40 40 40 40 40 40 40 40 40 40 40 10 40 
40 40 24 40 40 40 40 40 40 40 40 40 40 40 40 40 40 40 40 40 40 40 40 40 40 40 40 40 40 40 
40 40 40 40 40 40 40 40 40 31 40 40 40 40 40 40 40 40 26 40 40 40 40 40 40 40 40 40 40 
40 40 40 18 40 40 40 40 40 13 40 40 40 40 40 40 40 40 6 40 40 40 40 40 40 40 40 40 
40 40 40 40 40 40 40 40 40 40 40 40 40 40 40 40 40 40 40 33 40 40 40 40 40 40 40 
40 40 40 40 40 40 40 40 18 40 21 40 40 40 40 40 40 40 40 40 40 40 40 40 40 40 
40 40 40 40 40 40 40 40 40 40 40 40 40 33 40 40 40 40 40 40 40 40 28 40 40 
40 40 40 40 40 40 40 40 40 40 40 40 40 40 40 40 40 40 40 33 40 40 40 40 
40 40 40 40 40 40 40 40 33 40 40 40 40 40 40 40 40 40 40 40 40 40 40 
40 40 40 40 40 40 40 40 40 40 40 40 40 40 40 40 40 40 40 40 40 40 
40 40 40 40 40 40 40 40 40 40 40 40 40 40 40 40 40 40 26 40 40 
40 40 40 40 40 40 40 40 40 40 40 40 40 40 40 40 40 0 40 40 
40 40 40 40 40 40 40 40 40 40 40 40 40 40 40 40 40 40 40 
40 40 40 40 40 40 40 40 40 40 40 40 40 40 40 40 40 40 
40 40 40 40 40 40 40 40 6 40 40 40 40 40 40 40 40 
40 40 40 40 40 40 40 40 40 40 40 40 40 40 40 40 
40 40 40 40 40 40 40 40 40 40 40 40 40 40 40 
40 40 5 40 40 40 40 40 40 40 40 40 40 40 
40 40 40 25 40 40 40 40 40 40 40 40 40 
40 40 40 40 40 40 40 40 1 40 40 40 
40 40 40 40 40 40 40 40 40 40 40 
40 40 40 31 39 40 40 40 40 40 
40 40 40 40 40 40 40 40 5 
40 40 40 40 40 40 40 40 
40 40 40 40 40 40 40 
40 40 40 40 40 40 
40 40 40 18 40 
0 40 40 40 
40 40 40 
40 40 
40 

12 25 40 40 40 40 40 31 27 40 13 40 19 40 22 40 22 40 40 6 40 40 40 40 24 40 22 40 40 40 40 21 40 40 40 29 40 40 40 
11 40 40 34 39 40 23 40 40 35 40 24 38 40 40 40 40 40 39 40 36 40 40 6 40 40 40 40 40 40 40 40 27 40 36 40 40 0 
40 40 40 40 40 40 40 40 31 40 2 9 13 40 40 40 39 16 27 40 40 13 40 40 40 40 40 28 24 25 40 9 40 40 30 40 40 
40 40 4 38 27 8 40 10 40 15 40 40 40 40 40 36 22 40 40 28 40 40 5 40 16 40 40 40 15 0 40 40 15 40 34 40 
40 40 40 16 6 40 30 31 40 26 33 40 40 40 26 8 40 32 6 27 40 1 40 40 40 40 11 40 40 40 40 40 37 13 40 
40 40 22 18 40 40 40 40 31 40 40 40 15 40 40 40 16 40 40 7 40 40 38 40 40 40 40 28 40 28 40 24 40 40 
40 40 6 35 40 18 40 12 40 4 40 40 40 40 0 40 40 40 17 40 38 40 36 40 21 26 40 6 40 40 40 40 40 
40 21 40 40 40 40 40 32 40 40 40 40 9 40 1 40 40 40 40 24 40 40 4 38 39 35 40 40 40 24 40 40 
29 40 40 12 16 40 40 40 40 40 40 40 22 40 40 40 40 29 40 19 40 40 23 40 40 26 17 40 10 40 40 
40 6 40 40 0 40 28 12 4 40 40 40 40 40 40 32 40 40 40 0 22 40 40 23 27 40 24 40 40 40 
0 40 40 40 17 33 40 40 40 40 36 10 40 0 27 40 40 40 38 18 40 40 33 40 8 11 40 40 40 
40 8 40 40 40 40 40 40 40 19 34 40 40 40 40 40 40 40 40 40 40 40 40 40 40 40 40 40 
40 40 40 40 40 40 40 40 40 40 40 40 40 40 40 40 40 10 40 40 40 40 40 40 40 40 40 
40 40 40 40 40 40 40 40 40 40 40 40 40 40 40 26 40 40 40 40 40 40 40 40 40 40 
40 40 40 40 40 40 40 40 40 40 40 40 40 40 25 40 40 40 40 40 40 40 40 40 40 
40 40 40 40 40 40 40 40 40 40 40 40 40 40 40 40 40 40 40 40 40 40 25 21 
40 40 40 40 40 15 40 40 40 40 40 40 40 40 40 40 40 40 40 40 40 40 40 
40 40 40 40 40 40 40 40 40 40 19 40 40 40 40 40 26 40 40 40 40 40 
40 40 40 40 40 40 40 40 40 40 40 40 40 40 40 40 29 40 40 40 37 
40 40 40 40 40 3 40 40 40 40 40 40 40 40 40 40 40 40 40 40 
40 40 40 12 40 40 40 40 40 40 40 40 40 40 40 8 40 40 40 
40 40 40 40 40 40 40 40 40 40 40 40 40 40 40 40 40 40 
40 40 40 40 40 40 40 40 40 40 40 40 40 40 40 40 40 
40 40 40 40 31 40 40 40 40 40 40 40 26 40 40 40 
40 40 40 40 40 40 40 40 40 40 40 40 40 40 40 
40 40 40 40 40 40 40 40 40 40 40 40 40 40 
40 40 40 40 40 40 40 40 40 40 40 40 40 
40 40 40 40 40 36 40 40 40 40 3 40 
40 40 40 40 40 40 23 40 40 40 40 
40 40 40 40 40 3 40 40 40 40 
40 40 40 40 40 40 40 40 40 
40 40 40 40 40 40 40 40 
40 40 40 40 40 40 40 
40 40 40 40 40 40 
40 40 40 40 40 
40 40 40 40 
40 40 40 
40 40 
40 

40 40 40 40 40 40 40 40 21 40 40 40 40 2 40 40 29 40 40 40 40 40 28 40 40 40 40 40 40 40 40 40 40 40 40 24 40 40 38 
40 40 40 35 14 40 40 40 39 40 40 22 7 40 40 11 40 40 40 14 40 40 40 32 40 40 40 40 18 37 40 40 40 40 19 40 40 40 
40 40 40 40 38 40 40 40 9 40 40 1 28 40 40 40 40 16 40 40 40 14 40 40 40 14 40 40 40 40 40 40 40 33 20 40 40 
37 5 12 9 40 6 40 40 40 40 40 40 40 40 40 40 40 40 10 7 40 18 39 30 40 40 40 35 38 40 40 10 40 40 10 14 
40 7 40 40 40 1 40 40 40 40 40 40 40 40 40 40 40 40 40 40 40 29 40 40 40 40 40 40 5 40 40 40 40 31 40 
40 40 40 40 40 22 40 40 40 39 35 40 40 11 5 40 40 40 40 40 40 8 1 28 40 7 40 40 40 40 21 16 40 40 
40 40 40 40 40 40 40 30 15 40 40 25 40 40 40 33 40 40 40 40 40 4 0 40 40 40 40 40 40 40 40 18 17 
39 40 40 12 40 40 40 40 40 40 40 40 30 40 40 27 4 40 40 4 40 40 40 35 40 40 40 8 40 40 40 40 
40 40 40 40 40 40 24 40 40 40 40 40 40 40 40 13 31 40 40 40 40 40 40 40 40 40 25 40 40 40 16 
40 40 26 40 14 40 33 40 40 40 40 40 40 40 26 40 0 40 40 40 13 10 40 40 40 40 29 40 40 40 
35 40 40 40 40 40 26 40 40 15 40 40 40 40 40 40 10 7 40 18 40 40 40 40 3 31 40 40 40 
22 40 40 40 40 24 19 40 40 40 40 2 40 25 40 40 40 40 9 40 16 40 40 40 40 40 18 40 
34 40 40 11 4 40 40 26 16 27 40 40 26 40 1 40 40 40 40 5 40 40 40 40 7 40 40 
40 40 40 40 12 40 40 27 1 40 40 0 40 40 40 16 40 40 40 40 7 40 40 16 40 40 
40 40 40 40 40 40 40 40 40 40 18 33 40 40 40 40 40 40 40 40 40 40 40 40 40 
35 40 40 40 20 40 40 40 40 40 40 40 40 40 40 40 40 40 40 40 40 40 40 19 
40 40 40 40 40 40 40 26 40 40 40 40 40 40 40 0 19 21 40 40 0 38 40 
40 40 40 40 40 40 40 40 40 40 40 40 40 12 38 40 15 40 40 12 9 40 
13 40 21 40 40 2 1 40 40 27 40 35 40 40 40 40 40 40 40 40 40 
15 40 40 40 40 40 13 40 40 35 40 27 40 40 5 40 40 23 40 40 
40 40 40 40 40 40 40 40 40 40 40 40 40 40 11 40 40 7 40 
40 40 40 40 40 40 40 40 40 40 40 40 40 40 40 40 40 40 
9 40 40 40 40 40 40 40 40 40 40 40 40 40 40 40 40 
40 40 40 40 40 40 40 40 40 40 40 40 40 40 40 40 
40 40 23 40 40 40 40 40 40 40 40 40 40 40 24 
40 40 40 40 40 3 40 40 40 40 40 40 40 40 
40 40 40 40 40 40 40 40 40 40 40 40 40 
40 40 40 40 40 40 40 40 40 40 40 40 
40 40 40 40 40 10 40 40 40 40 40 
40 40 40 18 40 40 40 40 40 40 
40 26 40 40 40 40 40 40 40 
40 40 40 40 40 40 40 40 
40 40 40 40 40 40 40 
40 40 40 40 40 40 
40 40 40 40 40 
40 40 40 40 
40 40 40 
40 40 
40 

24 40 40 40 40 40 40 40 40 12 40 19 40 40 40 40 40 36 22 40 40 40 40 40 40 27 40 12 21 37 40 40 40 12 40 40 31 40 40 
40 40 40 40 40 40 40 40 30 40 40 40 40 40 40 33 40 40 40 19 40 40 40 40 40 40 10 13 20 40 40 1 40 40 40 40 29 40 
40 2 1 21 40 40 40 40 40 40 40 40 40 22 40 40 40 11 19 40 40 24 40 40 2 40 4 40 40 40 33 40 40 40 40 40 40 
40 40 40 40 26 40 29 40 28 8 5 11 40 40 40 40 40 24 9 40 40 23 40 40 40 9 19 40 40 40 40 40 40 40 40 40 
40 40 40 40 32 40 40 40 8 40 40 13 40 40 40 40 4 40 40 40 1 40 30 29 40 40 40 40 40 40 40 40 40 40 40 
40 40 8 40 33 40 40 33 40 0 40 40 40 18 40 40 40 40 25 40 40 40 40 40 40 40 40 40 40 40 18 40 40 40 
19 40 40 40 1 40 40 40 40 40 40 40 40 40 40 40 40 22 11 40 40 40 40 40 29 40 40 40 40 40 40 40 40 
40 40 19 40 31 40 33 3 40 40 40 40 40 40 40 40 40 40 40 40 40 40 40 40 40 40 19 40 40 40 40 40 
40 14 40 40 40 16 18 40 40 40 40 40 40 40 24 40 40 40 40 40 40 40 40 40 40 40 40 40 14 40 40 
40 40 40 40 40 40 27 40 40 0 40 40 40 40 40 40 40 40 40 40 40 40 5 40 40 40 40 40 40 40 
21 34 40 40 40 40 40 40 40 40 40 2 40 40 40 40 40 40 40 40 36 40 40 40 13 40 40 4 40 
40 40 40 40 40 40 40 40 40 7 40 40 10 40 37 40 40 1 40 40 40 40 40 40 35 40 40 40 
40 40 40 40 9 14 40 40 40 31 40 40 40 40 40 40 37 35 40 40 40 40 40 40 32 40 40 
5 30 40 36 40 40 40 40 40 40 40 31 35 15 40 16 40 40 40 40 37 40 40 40 19 40 
40 40 40 40 40 4 28 13 40 40 32 40 40 40 25 40 40 40 40 40 40 40 40 10 40 
40 40 40 40 40 7 27 40 4 40 40 40 40 40 40 40 40 40 40 40 40 40 40 40 
40 40 40 40 40 40 40 36 40 40 40 40 5 40 40 35 40 40 40 40 40 40 40 
40 40 2 3 40 3 40 40 40 23 40 19 40 40 40 40 40 15 40 40 40 40 
40 40 40 40 19 40 40 40 40 40 40 40 40 40 36 40 40 40 40 40 40 
27 40 40 40 20 40 40 40 40 40 40 25 40 40 40 40 40 40 40 40 
7 40 10 40 40 37 40 40 40 40 40 40 40 36 40 40 40 40 40 
40 40 40 40 40 40 20 31 40 40 40 40 40 16 40 40 40 40 
40 40 40 38 40 40 40 40 40 40 40 40 40 40 40 40 40 
40 40 40 35 40 40 40 15 40 40 35 40 21 40 40 12 
40 40 40 40 40 40 40 40 40 40 40 35 40 40 40 
40 40 40 23 40 36 40 20 40 40 40 40 40 40 
35 13 40 40 40 40 40 40 40 40 40 40 40 
25 40 40 40 40 40 40 40 40 33 40 40 
4 26 40 40 40 40 40 40 25 40 5 
24 40 40 40 40 40 3 40 40 40 
28 40 40 40 40 40 40 40 40 
40 40 40 40 40 40 40 40 
37 40 40 40 9 27 33 
40 40 40 40 40 40 
23 40 40 40 40 
40 40 19 40 
40 40 40 
8 40 
40 

40 24 29 40 6 26 40 40 40 40 40 40 40 40 40 40 40 40 40 2 40 24 40 40 35 40 4 30 40 40 40 36 40 40 40 40 18 40 40 
40 40 40 37 40 40 40 40 14 40 40 40 40 39 40 40 40 40 15 40 3 40 40 33 40 5 33 40 40 40 20 40 28 40 40 35 40 18 
40 37 21 40 19 23 40 40 40 40 0 26 40 40 40 40 29 40 40 40 40 40 40 40 40 33 40 40 40 40 40 40 40 40 23 40 40 
40 40 40 25 40 7 40 40 40 40 19 9 3 40 40 40 1 23 40 40 40 40 40 40 15 40 12 34 40 40 3 40 40 40 40 40 
40 40 3 3 40 36 40 40 40 12 40 40 2 40 40 11 40 40 40 26 40 40 40 40 40 40 40 40 40 40 40 40 40 40 40 
40 40 40 40 40 39 27 37 4 0 0 29 40 40 40 16 40 40 40 15 5 40 40 8 40 40 40 40 40 40 40 40 40 28 
40 40 13 21 40 40 40 39 40 40 40 29 40 21 40 40 40 40 40 25 40 40 37 40 40 40 40 40 40 7 40 30 40 
40 40 40 40 21 40 39 40 40 40 40 17 40 40 40 40 40 40 40 40 40 40 40 40 40 40 40 40 40 40 40 40 
40 36 40 40 40 40 40 40 40 40 40 40 40 40 40 40 40 40 38 36 40 40 40 40 40 40 40 37 40 40 7 
40 40 40 40 40 40 40 40 40 40 40 40 40 40 40 8 40 40 40 40 40 14 29 40 6 19 40 26 40 19 
40 40 40 40 40 40 40 40 40 40 40 40 40 40 40 40 40 40 40 40 40 40 40 40 40 40 40 13 40 
40 29 40 40 40 40 40 33 40 40 40 40 40 37 40 40 40 40 40 40 40 40 40 18 40 40 40 40 
40 40 40 22 40 16 40 0 40 40 40 40 40 40 40 40 22 40 40 40 40 40 27 40 40 16 40 
40 40 40 40 40 40 7 40 40 13 13 8 36 14 40 10 40 40 9 8 40 40 40 0 40 40 
40 40 40 40 40 40 40 27 35 40 40 40 40 40 40 40 40 40 7 40 40 40 40 40 40 
40 40 40 40 40 40 40 40 40 1 31 18 40 40 40 32 40 40 40 40 40 40 40 40 
40 40 40 40 40 32 40 40 40 40 40 40 40 40 40 40 40 40 40 40 40 40 40 
13 40 40 40 40 40 40 40 40 40 40 40 40 34 17 40 40 40 40 40 40 40 
10 40 40 40 40 40 40 40 40 40 40 15 40 24 40 40 40 40 40 40 40 
40 40 40 40 35 40 40 38 40 40 40 40 40 5 40 40 40 20 40 40 
40 40 40 40 40 1 40 40 40 40 40 40 13 40 40 38 40 40 13 
40 40 23 40 40 40 40 40 35 40 40 40 40 40 40 40 40 40 
30 40 40 37 40 40 39 40 40 40 13 40 40 40 40 40 40 
40 40 40 40 40 40 40 12 40 40 40 40 40 40 5 40 
40 40 40 40 40 40 40 40 40 37 40 40 37 40 37 
40 40 40 40 40 40 40 40 31 9 40 0 40 40 
26 40 40 40 23 40 21 40 40 40 40 40 40 
40 40 40 40 40 40 40 40 40 40 15 40 
26 38 40 40 40 40 40 40 29 40 40 
40 40 29 40 40 40 40 40 40 40 
40 40 40 40 40 13 29 40 40 
40 18 40 40 40 40 40 30 
40 40 40 40 40 2 40 
40 40 40 40 40 40 
40 40 40 40 40 
40 40 40 40 
40 40 40 
40 40 
40 

25 20 27 10 27 21 8 24 8 33 31 3 34 17 35 1 38 19 2 22 14 38 9 26 6 7 9 2 4 24 34 29 36 31 0 17 27 31 38 
25 33 8 11 30 5 35 5 10 17 0 12 34 4 39 29 20 20 22 7 4 28 26 32 8 29 31 0 4 27 18 33 36 31 13 29 4 35 
24 19 9 27 38 14 13 24 17 3 17 12 20 15 28 10 34 6 2 26 20 11 17 20 37 3 3 25 39 14 39 7 5 18 30 29 5 
1 39 29 38 24 18 19 7 13 40 40 40 40 40 40 40 8 40 40 40 40 40 40 40 40 40 18 40 40 40 40 40 40 40 40 40 
40 40 40 40 40 40 40 40 40 38 40 40 40 40 40 40 40 40 40 40 40 40 40 40 9 40 40 40 40 40 40 40 40 40 40 
40 8 40 40 40 40 40 40 40 40 40 40 40 40 40 40 40 40 40 40 40 40 40 40 40 40 40 40 40 40 40 40 40 40 
40 40 40 40 40 40 33 40 40 40 40 40 40 40 40 40 40 40 40 40 40 40 40 40 40 40 40 40 40 40 40 40 40 
40 40 40 40 40 40 40 40 40 40 40 40 40 40 40 40 40 40 40 40 40 34 40 40 40 40 40 40 40 40 40 40 
25 40 40 40 40 40 40 40 40 40 39 40 40 40 40 40 40 40 40 40 40 40 40 40 40 40 40 40 40 40 40 
40 40 40 40 40 40 14 40 40 40 40 40 40 40 40 40 40 40 40 1 40 40 40 40 40 40 40 40 40 40 
40 6 40 40 40 40 40 40 40 40 40 40 40 40 40 40 40 38 40 40 40 40 40 40 40 40 40 40 40 
40 40 40 40 40 40 40 40 40 40 40 40 40 40 40 40 27 40 40 40 40 40 40 40 4 35 40 40 
40 40 40 40 40 40 40 40 40 40 40 40 40 40 17 40 40 40 40 40 40 40 40 40 40 40 40 
40 40 25 40 40 40 40 40 40 40 40 40 40 40 40 40 40 40 40 40 40 40 40 40 40 40 
40 40 40 40 40 40 40 40 40 40 14 40 40 40 40 40 40 40 40 40 40 40 40 40 40 
40 40 40 40 40 40 40 40 40 40 40 40 40 40 40 40 40 40 40 40 40 40 40 40 
40 40 40 40 40 40 40 40 40 40 40 40 40 40 40 40 40 40 40 40 40 40 14 
2 40 37 40 40 40 40 40 40 40 40 40 40 40 40 40 40 40 40 40 40 40 
40 40 20 40 40 40 40 40 40 40 40 40 40 40 40 40 40 40 40 21 40 
40 40 40 40 40 40 40 40 40 40 3 40 40 40 40 40 40 40 40 40 
40 40 40 40 40 40 40 40 40 40 40 40 40 40 40 40 40 40 40 
40 40 40 40 40 40 40 40 40 40 40 40 40 40 40 40 40 40 
40 40 40 40 40 40 40 40 40 35 40 40 40 40 40 40 40 
4 25 40 40 40 40 40 40 40 40 40 40 40 40 40 40 
40 40 40 40 40 40 40 40 40 40 40 40 40 40 40 
40 40 40 40 40 40 40 40 40 40 40 40 40 40 
40 40 40 40 3 40 40 40 40 40 40 40 40 
40 40 40 40 40 40 40 40 40 40 40 40 
40 40 40 40 24 40 40 40 40 40 40 
40 40 36 40 40 40 40 40 40 40 
40 40 40 40 40 40 40 40 40 
40 40 40 19 40 40 40 40 
40 40 40 40 40 40 40 
40 40 40 40 40 40 
23 40 40 40 40 
40 40 40 40 
40 40 40 
40 40 
40 

