40 40
22 28 37 21 40 6 38 24 40 40 40 19 40 40 9 40 40 18 11 40 40 23 38 10 14 36 40 40 40 40 33 40 34 27 40 40 40 40 12 
29 40 21 39 21 17 12 29 40 40 1 7 40 40 40 23 33 40 12 40 40 3 24 19 20 22 34 34 40 6 18 24 19 39 40 1 32 38 
32 9 40 40 40 40 5 38 40 15 7 40 32 40 40 40 37 18 40 40 40 37 40 35 0 40 40 19 24 40 29 17 40 11 6 28 27 
13 40 19 9 4 40 40 19 14 40 16 4 40 21 20 35 40 36 40 31 10 5 40 40 3 40 13 8 30 31 40 40 40 3 31 22 
24 40 22 40 40 40 11 4 10 40 11 32 40 12 31 40 31 38 30 40 40 4 40 40 12 0 31 36 38 40 3 15 39 26 6 
40 26 33 32 40 38 40 5 11 38 8 5 40 36 40 2 40 22 40 12 40 27 25 38 40 27 1 19 22 21 14 24 40 40 
40 40 16 12 17 0 38 40 10 40 22 40 14 39 40 2 40 1 40 40 40 40 40 40 6 25 5 40 40 40 40 40 39 
40 40 0 19 40 6 40 40 18 40 37 36 3 40 19 40 40 22 40 28 40 11 40 40 40 24 40 40 4 40 40 30 
40 40 9 40 40 19 26 40 7 40 40 17 40 31 40 34 40 29 40 40 40 28 18 40 2 5 9 40 20 28 40 
33 40 38 40 27 9 40 15 40 1 40 25 40 40 40 40 39 21 40 40 17 40 40 40 40 40 40 40 20 28 
23 40 14 10 38 26 31 29 40 40 40 40 40 40 40 5 25 40 12 31 12 25 9 3 40 40 4 40 24 
25 38 37 0 30 2 27 27 40 40 35 40 40 29 40 40 35 40 40 40 40 40 17 35 40 31 33 15 
40 40 40 40 19 3 8 2 3 40 5 31 40 40 40 40 35 11 19 40 40 34 40 40 2 40 40 
40 40 28 40 40 40 15 40 40 0 17 40 40 40 40 40 11 39 40 31 40 7 40 34 40 40 
40 40 40 27 40 24 27 40 4 11 40 40 9 19 40 3 40 10 34 15 40 40 12 40 13 
1 33 37 40 37 40 34 4 40 13 13 22 40 40 40 40 40 15 15 39 40 40 6 40 
40 33 40 40 16 40 29 7 40 8 27 40 13 40 40 40 40 8 21 32 40 32 40 
40 40 40 40 40 40 40 40 0 40 40 16 40 40 40 40 40 40 29 40 40 40 
31 11 40 40 40 28 40 40 18 11 30 40 18 9 40 40 15 25 20 39 40 
40 29 17 40 17 40 21 40 31 40 6 40 40 4 40 34 40 32 40 31 
40 40 40 40 40 40 40 40 40 40 1 40 2 40 40 40 40 2 12 
40 27 40 16 35 40 29 40 1 40 3 40 0 10 40 40 13 40 
40 6 40 29 40 17 10 25 37 40 40 40 40 40 14 40 5 
40 27 40 40 30 12 40 36 40 25 25 40 39 32 35 40 
24 40 40 40 40 15 19 30 40 40 40 40 40 40 33 
40 29 40 31 40 40 40 39 39 40 40 22 40 8 
40 32 21 8 40 40 40 40 40 40 0 40 20 
1 25 21 40 30 40 18 8 40 31 35 40 
40 15 30 39 40 40 40 40 24 40 9 
40 40 40 40 21 40 40 39 40 40 
40 4 40 40 40 8 40 1 40 
40 19 40 25 40 29 29 35 
3 35 31 40 40 40 15 
27 40 40 15 2 4 
40 40 40 15 40 
9 30 40 40 
16 40 40 
40 10 
40 

29 37 14 40 40 36 13 40 20 12 40 40 0 7 40 30 40 25 7 0 39 40 11 40 12 12 14 30 26 33 35 40 17 10 40 40 19 29 31 
4 40 40 40 19 24 22 40 30 40 40 21 13 11 40 35 39 39 40 32 40 8 39 4 40 40 27 33 17 10 10 38 40 40 36 10 40 29 
40 40 16 21 40 32 39 40 40 7 38 40 40 40 26 15 14 36 40 7 35 8 21 40 3 40 19 23 40 40 40 40 10 20 40 40 40 
37 4 2 40 26 7 40 40 38 11 40 18 40 18 40 13 39 40 21 40 40 27 34 35 40 36 40 3 27 18 40 40 25 36 33 40 
40 5 34 40 36 40 40 40 35 40 7 5 40 13 40 29 40 40 40 40 23 18 12 8 40 5 38 5 40 32 18 25 1 32 40 
34 10 40 33 16 37 40 23 34 40 28 13 5 40 40 17 35 30 16 2 7 2 4 18 40 34 35 12 21 26 7 40 3 18 
25 27 40 34 40 1 18 5 40 19 37 40 6 40 4 40 11 22 31 40 40 40 40 40 21 40 40 21 40 22 36 31 40 
40 22 30 39 7 40 18 9 29 40 40 16 40 40 15 21 40 17 40 30 20 13 24 10 20 40 40 8 19 40 13 37 
40 17 16 31 40 40 33 40 32 32 7 40 35 25 40 8 40 33 40 40 40 40 40 40 40 28 40 40 22 40 40 
40 40 40 35 40 40 1 40 40 16 40 7 40 40 21 40 8 1 40 40 37 31 17 40 40 40 40 40 40 31 
3 40 35 29 40 34 40 40 40 19 26 40 40 40 40 40 40 10 40 15 40 40 19 40 15 40 40 33 34 
31 40 40 40 40 22 34 17 40 40 0 40 13 40 40 40 14 21 40 40 7 40 18 40 40 15 40 16 
40 27 40 12 40 40 40 40 9 40 40 40 13 40 40 40 40 15 40 21 40 40 40 4 10 40 33 
0 40 24 40 12 40 38 33 40 40 40 40 0 4 40 40 40 40 40 9 28 40 40 40 39 13 
40 40 40 29 3 3 40 40 40 8 40 40 35 40 40 37 3 8 16 40 17 40 40 40 1 
0 3 40 23 36 40 4 40 40 40 11 40 40 10 40 40 26 40 5 40 40 40 23 40 
40 40 40 40 40 40 40 37 40 40 21 15 40 40 40 40 40 40 34 9 40 40 24 
24 40 40 40 40 20 20 20 40 2 26 40 40 8 40 15 40 39 40 2 40 34 
40 40 40 40 40 40 0 40 20 0 1 40 32 10 10 40 40 32 35 40 34 
40 30 40 19 38 1 4 12 40 40 40 40 25 20 9 40 40 40 4 40 
40 11 18 40 40 12 40 40 40 6 40 40 2 0 33 33 40 18 24 
40 40 40 40 40 16 9 10 40 8 40 27 32 28 40 2 40 40 
12 34 8 40 40 40 30 40 40 40 40 40 10 40 38 10 40 
15 25 40 40 33 7 40 40 40 39 8 26 40 40 3 40 
40 40 40 7 40 40 40 40 40 40 0 40 32 40 40 
40 40 8 40 3 40 27 40 10 19 40 10 20 40 
37 6 16 25 40 40 1 2 19 40 40 17 40 
40 14 40 11 36 40 40 40 8 40 32 40 
40 23 40 40 35 16 40 40 40 6 40 
2 40 22 8 38 14 40 29 40 5 
40 23 4 17 40 40 40 40 40 
25 40 40 20 5 30 40 16 
39 40 40 17 40 8 16 
40 40 40 40 40 40 
16 12 20 40 26 
40 18 40 40 
40 40 12 
16 40 
40 

10 23 5 39 40 22 40 40 40 17 22 40 39 24 21 13 40 3 13 40 39 38 24 3 15 39 40 40 34 34 6 21 17 40 40 31 13 12 40 
14 14 40 40 36 40 13 33 7 40 40 40 32 0 40 28 40 40 40 10 40 40 28 1 25 40 9 6 40 39 9 40 29 40 40 35 8 34 
24 0 35 15 29 15 37 26 40 11 40 40 40 40 40 40 29 33 40 40 40 30 31 4 20 28 40 25 40 40 40 20 19 20 15 25 7 
40 7 40 24 40 2 40 40 33 1 40 2 31 27 15 40 40 40 22 37 9 40 23 32 40 12 12 40 40 0 40 23 40 21 40 15 
37 40 40 18 40 3 21 40 26 2 40 12 14 40 10 31 21 33 20 34 40 36 39 40 38 40 33 15 40 40 0 2 11 40 25 
40 40 40 40 2 14 22 35 40 8 40 40 37 40 40 21 3 24 0 40 40 40 40 40 23 40 8 40 40 28 40 37 16 40 
40 20 40 8 40 40 40 40 40 3 40 40 18 4 9 27 40 1 40 35 40 40 40 40 40 26 7 11 40 40 25 40 40 
6 18 40 36 21 14 40 40 40 40 40 40 26 40 3 25 40 35 6 25 40 12 40 10 40 19 1 40 40 40 22 7 
12 40 38 40 40 40 40 10 13 40 40 40 2 23 40 40 40 16 4 27 40 24 10 13 11 40 40 24 40 40 20 
40 5 23 9 7 40 40 40 20 40 2 40 40 23 40 40 40 8 29 40 40 40 13 40 40 19 40 40 40 38 
5 40 40 19 28 40 40 19 17 40 17 40 40 40 40 2 40 40 34 40 4 40 6 40 40 40 20 23 40 
12 40 40 40 12 40 40 40 14 4 40 40 40 40 26 40 35 30 33 34 40 40 34 22 40 16 25 40 
4 40 40 40 27 32 38 40 22 40 40 25 40 36 40 29 27 40 24 40 40 40 31 4 0 40 19 
40 40 2 13 38 40 4 40 2 40 27 36 15 40 40 3 40 21 15 40 25 40 40 40 17 14 
40 6 37 40 40 35 40 21 23 2 40 0 37 40 35 40 40 16 37 40 40 40 40 30 39 
40 40 40 31 7 15 40 40 1 40 6 37 40 36 40 28 36 40 40 33 40 40 32 37 
3 40 40 40 23 40 21 4 40 40 39 20 5 40 40 40 40 40 30 40 1 38 40 
40 27 40 40 40 40 32 40 40 34 31 40 38 40 40 40 40 27 40 16 38 15 
18 6 40 33 17 8 40 40 7 2 40 3 40 40 11 40 40 0 20 40 40 
1 35 2 23 14 33 40 40 40 40 40 40 40 40 33 40 28 40 40 40 
40 40 40 40 7 38 40 40 40 11 40 17 40 40 20 40 18 40 40 
40 9 40 40 8 40 7 40 21 40 40 4 40 40 16 40 40 40 
10 40 40 40 24 28 0 13 40 2 0 0 16 12 40 40 40 
5 40 40 40 3 40 40 32 40 39 12 40 8 40 40 40 
22 11 40 9 40 19 40 28 40 40 40 40 16 17 40 
31 40 2 40 1 40 32 18 28 14 40 12 40 40 
40 31 40 3 40 40 3 40 22 40 18 37 27 
4 40 4 40 19 39 4 40 40 2 40 40 
24 40 10 32 40 27 28 6 8 24 12 
1 30 40 35 31 18 40 40 40 40 
40 40 36 40 40 40 40 40 40 
39 40 12 40 40 40 35 30 
40 40 16 12 40 40 6 
40 40 34 10 32 30 
40 40 21 20 12 
40 40 40 40 
40 40 4 
30 40 
23 

40 28 35 23 30 28 30 0 16 9 13 10 8 7 40 15 40 40 40 40 40 40 34 17 19 40 19 15 3 2 34 14 35 40 1 2 40 21 19 
24 28 40 40 40 13 37 36 2 26 40 40 10 40 40 33 11 20 8 40 37 40 40 37 40 40 1 39 18 40 40 38 16 30 24 39 35 1 
27 40 40 2 34 9 8 40 20 16 30 40 15 18 40 40 34 40 40 40 40 35 39 35 40 26 40 7 28 32 40 5 9 33 30 19 40 
40 40 40 40 40 40 29 40 16 7 0 40 1 6 23 40 40 23 40 6 35 28 20 24 40 27 18 3 37 16 40 40 6 18 25 5 
40 14 33 34 17 26 40 37 28 40 3 4 21 40 27 40 34 7 40 40 24 40 28 24 22 1 40 17 40 40 25 40 40 40 10 
24 40 19 4 20 4 7 28 40 28 40 35 29 35 40 12 8 19 31 38 40 19 40 9 40 2 35 40 40 40 40 32 34 40 
40 16 31 40 40 40 8 20 40 31 26 31 17 37 40 40 33 21 1 1 40 11 40 28 2 40 40 34 40 40 26 40 3 
40 35 33 12 39 38 15 40 19 17 40 4 18 21 40 19 14 22 40 20 36 21 40 26 40 40 31 40 10 40 40 40 
40 18 24 40 1 33 22 0 40 2 2 40 26 26 40 40 40 19 5 22 40 40 40 27 26 27 40 40 3 40 17 
12 40 25 19 12 40 18 33 26 1 31 40 28 33 25 34 38 10 28 24 37 15 40 40 40 2 2 40 17 13 
3 40 40 10 40 3 32 33 23 40 4 26 40 40 40 13 20 40 28 40 25 5 30 36 13 16 1 40 4 
2 24 40 19 33 34 11 40 40 29 40 27 40 33 26 40 21 40 40 40 11 40 14 33 40 18 40 15 
40 38 40 11 40 24 0 38 40 40 9 39 40 40 5 16 40 0 29 28 12 33 35 8 40 18 7 
39 33 40 40 14 35 40 6 40 3 23 35 40 21 8 40 8 33 35 36 1 40 40 22 40 36 
40 40 40 27 28 1 34 40 12 38 11 18 13 40 14 16 7 8 40 18 40 36 40 4 40 
40 40 40 40 7 13 3 38 27 3 40 17 40 40 40 22 39 40 34 40 14 23 19 40 
35 37 40 40 21 40 9 5 2 25 40 15 40 40 30 40 14 7 20 26 40 22 40 
29 40 34 33 40 40 6 7 7 30 20 22 40 40 13 40 18 40 40 17 40 40 
3 17 39 40 40 19 34 33 40 33 38 40 40 40 40 7 40 31 0 23 11 
17 23 4 24 18 6 40 25 40 22 40 40 18 18 40 40 16 3 35 40 
40 31 40 40 40 40 1 40 25 19 23 14 40 13 5 40 13 40 40 
40 40 40 40 40 40 40 18 40 40 40 40 40 40 40 40 40 40 
40 40 40 2 40 40 40 40 40 15 40 40 40 40 40 40 40 
40 40 40 40 40 40 40 40 40 40 40 40 40 40 40 40 
40 40 40 40 40 40 40 40 40 40 6 40 40 40 40 
40 40 40 40 40 40 40 40 15 40 40 40 40 40 
40 10 40 40 40 40 40 40 40 40 40 40 40 
40 40 40 40 40 40 40 40 40 19 40 40 
40 40 0 40 40 40 40 40 40 40 40 
40 40 40 40 40 40 40 40 40 40 
40 40 40 40 40 40 40 40 15 
40 40 40 40 40 40 40 40 
40 40 40 21 40 40 40 
40 40 40 40 40 40 
40 40 40 40 40 
40 40 40 40 
40 40 40 
40 40 
40 

9 30 4 40 10 20 3 27 0 10 5 37 30 0 20 38 16 31 1 31 0 8 17 39 2 0 39 28 7 7 23 9 33 29 3 9 5 10 18 
40 32 31 21 21 30 27 14 40 17 0 24 29 7 11 8 37 39 14 4 12 24 9 7 18 40 17 1 9 7 9 15 29 40 31 14 40 40 
10 22 23 40 14 31 29 3 38 36 25 22 28 9 30 39 35 17 15 10 23 7 5 19 40 20 1 8 23 32 1 39 33 19 13 8 1 
23 36 35 30 3 32 35 12 31 33 32 26 40 18 25 0 19 39 40 25 0 16 22 38 29 30 32 7 1 33 10 32 35 6 8 12 
3 32 23 24 7 40 28 25 34 15 5 35 40 8 34 28 23 13 11 6 11 28 30 20 18 9 4 35 40 37 10 35 9 39 12 
11 29 9 2 38 18 40 28 9 35 15 22 26 2 0 27 14 9 35 32 15 28 14 10 5 31 5 23 5 22 0 35 40 40 
23 19 38 12 32 32 8 40 17 8 3 10 25 15 11 13 5 26 19 31 35 10 10 5 39 10 24 18 2 0 19 17 37 
13 9 22 8 10 37 40 26 36 30 13 40 34 34 18 23 11 22 34 10 14 19 13 30 3 10 40 40 40 19 40 25 
35 3 33 27 29 8 30 40 30 22 23 1 22 4 35 37 1 33 23 5 12 34 39 2 40 17 9 13 31 10 17 
0 10 24 36 18 36 10 39 23 40 18 36 10 10 8 14 5 26 40 38 40 13 14 15 29 11 12 33 15 17 
5 21 27 18 14 29 15 17 26 31 22 31 0 11 1 9 34 2 26 16 32 18 36 12 35 1 1 14 31 
1 8 24 18 0 21 32 7 13 13 8 39 28 25 26 24 3 37 6 0 9 13 9 34 22 25 18 40 
40 40 40 40 40 40 40 40 40 40 40 40 40 40 40 40 40 40 40 33 40 40 40 40 40 40 40 
40 40 40 40 40 40 40 40 18 40 21 40 40 40 40 40 40 40 40 40 40 40 40 40 40 40 
40 40 40 40 40 40 40 40 40 40 40 40 40 33 40 40 40 40 40 40 40 40 28 40 40 
40 40 40 40 40 40 40 40 40 40 40 40 40 40 40 40 40 40 40 33 40 40 40 40 
40 40 40 40 40 40 40 40 33 40 40 40 40 40 40 40 40 40 40 40 40 40 40 
40 40 40 40 40 40 40 40 40 40 40 40 40 40 40 40 40 40 40 40 40 40 
40 40 40 40 40 40 40 40 40 40 40 40 40 40 40 40 40 40 26 40 40 
40 40 40 40 40 40 40 40 40 40 40 40 40 40 40 40 40 0 40 40 
40 40 40 40 40 40 40 40 40 40 40 40 40 40 40 40 40 40 40 
40 40 40 40 40 40 40 40 40 40 40 40 40 40 40 40 40 40 
40 40 40 40 40 40 40 40 6 40 40 40 40 40 40 40 40 
40 40 40 40 40 40 40 40 40 40 40 40 40 40 40 40 
40 40 40 40 40 40 40 40 40 40 40 40 40 40 40 
40 40 5 40 40 40 40 40 40 40 40 40 40 40 
40 40 40 25 40 40 40 40 40 40 40 40 40 
40 40 40 40 40 40 40 40 1 40 40 40 
40 40 40 40 40 40 40 40 40 40 40 
40 40 40 31 39 40 40 40 40 40 
40 40 40 40 40 40 40 40 5 
40 40 40 40 40 40 40 40 
40 40 40 40 40 40 40 
40 40 40 40 40 40 
40 40 40 18 40 
0 40 40 40 
40 40 40 
40 40 
40 

12 25 40 2 40 1 40 31 27 40 13 40 19 2 22 36 22 26 40 6 40 29 40 19 24 22 22 13 31 25 40 21 40 40 23 29 6 40 22 
11 40 40 34 39 40 23 40 5 35 0 24 38 40 40 40 40 40 39 40 36 40 14 6 40 40 8 3 34 40 37 40 27 40 36 28 40 0 
40 8 9 40 33 40 40 40 31 40 2 9 13 16 40 14 39 16 27 40 40 13 7 5 34 40 40 28 24 25 24 9 40 40 30 40 40 
33 40 4 38 27 8 12 10 40 15 40 40 40 40 40 36 22 10 19 28 34 40 5 40 16 40 13 39 15 0 40 1 15 40 34 40 
40 24 40 16 6 36 30 31 30 26 33 40 18 40 26 8 40 32 6 27 29 1 40 40 40 4 11 40 40 40 6 40 37 13 40 
40 25 22 18 23 40 40 12 31 40 26 40 15 40 40 40 16 40 31 7 40 40 38 17 40 40 40 28 17 28 40 24 40 8 
40 40 6 35 40 18 15 12 40 4 40 40 10 40 0 40 40 39 17 40 38 9 36 40 21 26 40 6 40 0 40 40 24 
40 21 40 40 40 40 40 32 35 40 4 40 9 40 1 40 40 40 40 24 39 40 4 38 39 35 40 40 32 24 40 40 
29 40 24 12 16 40 40 40 10 34 8 40 22 34 40 40 40 29 34 19 40 40 23 40 40 26 17 40 10 40 14 
40 6 19 8 0 25 28 12 4 7 40 40 4 40 40 32 40 40 16 0 22 34 40 23 27 34 24 40 40 40 
0 40 40 40 17 33 40 27 40 40 36 10 27 0 27 40 27 25 38 18 6 25 33 40 8 11 5 19 11 
12 8 40 40 23 20 24 40 36 19 34 25 9 40 40 40 31 40 13 26 30 40 21 35 0 40 34 24 
21 40 40 16 40 40 9 39 37 40 18 40 33 40 40 40 17 10 29 5 28 35 40 40 20 33 34 
32 10 33 23 40 40 40 28 40 40 31 33 40 6 30 26 35 40 35 40 40 40 23 7 40 40 
40 15 40 40 25 35 0 10 40 40 40 40 40 15 25 13 39 18 35 5 40 40 40 24 7 
19 40 40 15 40 40 39 40 40 25 40 40 40 18 40 40 31 24 40 40 40 40 25 21 
40 40 40 40 13 15 3 37 40 8 40 40 40 40 10 40 40 38 38 40 2 40 40 
40 40 40 40 40 40 40 8 40 40 19 40 40 40 40 40 26 40 40 40 40 33 
40 40 40 14 13 40 40 11 34 8 15 40 40 40 17 40 29 40 12 7 37 
33 40 25 40 40 3 40 40 19 40 40 2 40 40 40 35 37 40 3 40 
40 40 40 12 40 5 40 40 40 14 40 22 40 40 40 8 40 40 40 
40 40 40 0 40 40 40 40 40 40 18 40 31 40 40 8 32 40 
40 28 40 40 38 40 40 21 10 38 40 40 40 0 40 21 34 
40 40 40 40 31 40 40 40 40 0 18 40 26 40 40 40 
40 40 13 17 40 40 1 19 40 40 23 38 40 33 40 
40 40 40 40 23 40 2 40 3 40 40 40 25 11 
40 40 40 25 40 40 40 40 40 40 12 40 38 
40 15 40 16 40 36 40 40 24 40 3 40 
40 40 40 40 40 40 23 40 31 14 40 
40 0 40 30 40 3 40 40 40 40 
40 21 40 40 40 40 15 40 40 
40 35 40 40 40 40 20 40 
40 40 1 40 40 1 40 
23 15 40 40 18 4 
40 40 30 40 40 
40 8 40 40 
5 40 10 
28 2 
40 

23 40 40 40 24 40 30 34 21 40 40 40 40 2 9 40 29 40 40 10 40 7 28 0 40 1 40 40 40 40 26 38 10 40 40 24 16 20 38 
40 40 40 35 14 40 38 40 39 40 18 22 7 16 1 11 40 28 35 14 33 27 19 32 40 40 40 36 18 37 40 12 0 31 19 7 40 38 
40 40 40 40 38 32 9 40 9 40 40 1 28 9 40 31 40 16 40 3 37 14 11 10 40 14 40 40 40 40 40 40 40 33 20 1 40 
37 5 12 9 9 6 40 4 40 40 39 38 40 40 40 23 16 16 10 7 40 18 39 30 2 40 9 35 38 17 29 10 40 40 10 14 
40 7 27 40 40 1 22 40 40 40 35 40 13 40 40 40 5 40 6 40 6 29 40 40 40 40 40 37 5 40 13 40 40 31 36 
2 40 40 40 40 22 40 17 40 39 35 22 40 11 5 40 40 39 40 39 40 8 1 28 40 7 19 15 40 34 21 16 40 26 
40 33 18 40 40 37 40 30 15 40 9 25 40 21 40 33 23 4 34 9 40 4 0 40 40 40 6 40 40 40 0 18 17 
39 40 40 12 40 17 11 40 1 40 33 40 30 28 40 27 4 40 10 4 40 1 37 35 4 24 40 8 40 9 40 6 
40 40 26 22 40 40 24 5 40 40 40 40 40 40 40 13 31 40 16 40 16 40 36 40 28 40 25 40 16 13 16 
40 40 26 6 14 40 33 2 2 13 40 40 40 40 26 15 0 40 0 19 13 10 10 40 40 18 29 17 40 40 
35 40 32 40 40 40 26 40 24 15 40 40 40 0 40 21 10 7 40 18 40 11 16 3 3 31 13 40 27 
22 40 22 40 28 24 19 8 40 40 40 2 40 25 1 40 40 34 9 40 16 40 40 6 40 14 18 12 
34 40 40 11 4 11 30 26 16 27 40 7 26 40 1 40 40 27 7 5 0 37 40 40 7 40 40 
9 40 11 40 12 40 40 27 1 40 40 0 40 40 40 16 40 40 40 40 7 2 40 16 40 40 
40 40 33 5 14 30 40 40 40 40 18 33 40 40 40 40 40 40 6 35 40 40 40 40 38 
35 40 35 40 20 40 40 40 22 39 40 40 40 40 40 40 40 40 27 40 40 40 35 19 
40 40 40 37 4 40 40 26 40 40 40 40 8 40 15 0 19 21 40 40 0 38 40 
40 40 40 27 20 40 40 40 40 29 2 40 40 12 38 40 15 40 40 12 9 40 
13 40 21 40 40 2 1 31 40 27 10 35 40 37 17 40 40 40 40 25 40 
15 40 40 40 40 40 13 40 40 35 40 27 40 40 5 40 25 23 37 40 
21 40 40 40 8 40 39 40 40 40 40 31 40 40 11 27 0 7 5 
40 40 40 40 32 40 25 40 40 40 1 40 40 40 40 40 40 4 
9 40 6 29 4 40 18 40 40 1 18 40 40 30 40 16 40 
40 1 20 40 29 40 40 40 6 40 23 40 40 40 7 40 
40 9 23 40 40 40 40 14 40 31 9 40 5 40 24 
9 40 40 40 7 3 40 40 40 22 1 10 40 40 
33 40 40 40 24 29 40 40 35 40 15 40 16 
40 18 40 40 38 40 35 40 23 40 15 39 
21 40 27 17 32 10 40 40 40 40 40 
15 40 40 18 40 40 40 32 38 40 
40 26 1 40 40 40 40 40 8 
40 40 9 40 40 40 40 40 
40 40 40 40 27 40 30 
14 34 16 40 40 30 
40 40 34 30 2 
40 40 8 20 
40 40 25 
32 40 
40 

24 40 9 22 40 40 27 14 40 12 40 19 40 38 9 2 17 36 22 40 9 29 40 39 40 27 4 12 21 37 40 40 31 12 23 39 31 40 40 
3 13 28 39 16 40 40 40 30 34 39 40 27 40 40 33 25 40 40 19 38 21 10 29 40 40 10 13 20 40 40 1 29 2 28 40 29 6 
15 2 1 21 27 40 35 40 40 14 40 14 7 22 40 40 2 11 19 40 38 24 40 40 2 13 4 40 40 40 33 22 40 36 39 40 4 
9 40 17 18 26 40 29 40 28 8 5 11 1 40 40 25 40 24 9 40 27 23 5 40 27 9 19 39 27 40 21 40 37 17 40 40 
1 40 0 40 32 40 40 16 8 18 19 13 40 22 40 24 4 40 40 12 1 33 30 29 2 8 28 40 40 40 40 22 29 40 38 
40 40 8 13 33 40 28 33 40 0 19 40 40 18 20 40 40 32 25 40 40 40 40 40 10 40 21 40 40 32 18 31 23 40 
19 16 15 4 1 27 40 40 40 29 40 40 3 40 32 40 40 22 11 40 40 40 4 40 29 40 40 6 8 21 9 8 40 
40 19 19 40 31 3 33 3 40 40 40 40 40 40 1 40 31 40 40 40 40 40 40 40 40 40 19 13 40 40 35 1 
40 14 40 40 40 16 18 40 27 40 40 31 38 40 24 40 40 40 40 40 40 28 40 40 40 21 40 40 14 40 38 
9 40 40 2 40 40 27 40 40 0 23 23 17 40 40 40 34 17 40 35 40 40 5 40 15 12 9 40 40 27 
21 34 40 0 40 40 40 9 40 40 2 2 40 40 40 40 29 40 40 40 36 40 11 40 13 40 40 4 6 
25 40 40 26 40 40 16 40 40 7 8 40 10 40 37 18 40 1 40 19 39 40 40 40 35 40 40 21 
40 40 40 40 9 14 40 40 40 31 15 40 33 40 40 40 37 35 2 19 29 40 34 40 32 40 40 
5 30 27 36 13 40 40 40 36 17 8 31 35 15 40 16 40 39 40 39 37 40 40 6 19 40 
40 3 40 40 19 4 28 13 40 19 32 40 40 40 25 25 40 40 40 16 40 40 40 10 40 
40 40 40 40 40 7 27 40 4 40 40 40 40 40 40 40 17 40 40 32 40 11 18 11 
40 9 34 9 12 40 40 36 40 40 14 39 5 20 40 35 40 40 6 40 9 40 24 
40 40 2 3 40 3 40 40 40 23 40 19 40 40 40 40 14 15 40 22 40 40 
35 40 40 1 19 40 40 40 3 38 40 40 40 40 36 14 14 40 40 20 40 
27 26 40 19 20 35 40 40 7 40 40 25 13 40 40 22 40 40 24 40 
7 40 10 40 40 37 40 17 36 40 7 40 28 36 40 40 40 40 40 
32 40 40 40 36 40 20 31 19 40 15 25 40 16 36 38 23 40 
40 23 40 38 40 40 31 40 36 25 17 40 40 40 40 40 40 
40 39 40 35 40 40 3 15 40 40 35 40 21 40 6 12 
40 40 14 40 40 9 23 40 40 40 40 35 40 40 40 
1 16 40 23 40 36 40 20 40 40 40 40 40 40 
35 13 40 40 4 40 40 40 40 6 6 9 40 
25 40 2 40 19 40 19 40 40 33 25 40 
4 26 5 40 40 40 12 1 25 29 5 
24 40 40 9 40 7 3 40 40 40 
28 40 40 35 40 40 40 40 40 
40 40 40 40 20 18 40 40 
37 17 40 25 9 27 33 
40 19 40 17 40 40 
23 15 40 39 40 
40 40 19 38 
40 40 40 
8 40 
40 

40 24 29 27 6 26 40 14 40 40 40 17 16 40 0 40 32 19 40 2 11 24 40 40 35 9 4 30 12 4 40 36 40 9 13 40 18 40 40 
21 13 36 37 40 40 11 40 14 7 40 13 40 39 9 13 40 34 15 40 3 36 15 33 40 5 33 29 40 40 20 40 28 17 40 35 40 18 
40 37 21 33 19 23 40 26 40 40 0 26 40 40 16 40 29 40 40 40 23 40 38 40 40 33 40 22 40 18 40 40 40 4 23 3 40 
8 34 40 25 40 7 18 40 40 40 19 9 3 40 4 40 1 23 40 40 39 2 40 10 15 3 12 34 40 3 3 40 40 28 28 6 
23 40 3 3 40 36 40 16 20 12 11 40 2 12 27 11 25 37 40 26 34 40 40 40 40 40 40 40 40 40 40 40 40 40 35 
40 40 40 40 40 39 27 37 4 0 0 29 24 40 2 16 40 40 26 15 5 4 11 8 21 40 8 40 22 16 40 5 10 28 
39 40 13 21 40 32 40 39 40 8 40 29 24 21 40 1 40 40 40 25 2 11 37 40 40 40 6 40 29 7 40 30 39 
32 40 40 27 21 40 39 25 13 5 22 17 40 40 36 40 40 40 40 8 10 40 40 40 40 40 40 29 40 40 39 40 
40 36 40 40 27 40 40 22 17 2 40 26 23 40 17 40 2 40 38 36 40 40 40 40 40 40 40 37 40 9 7 
40 9 40 10 0 40 40 40 34 33 40 2 21 40 40 8 40 40 21 20 34 14 29 26 6 19 40 26 40 19 
40 40 33 26 5 20 40 27 40 26 40 8 40 8 40 27 9 25 17 40 14 33 25 40 40 24 40 13 23 
2 29 40 40 39 40 40 33 40 23 23 11 40 37 40 15 40 26 40 40 40 0 40 18 40 40 40 18 
39 40 40 22 14 16 40 0 40 40 40 40 40 40 40 14 22 26 40 40 40 39 27 7 40 16 29 
40 40 21 18 40 40 7 40 40 13 13 8 36 14 40 10 40 40 9 8 4 40 40 0 40 40 
40 40 40 40 8 40 40 27 35 29 40 40 20 40 35 6 10 8 7 40 26 4 40 31 12 
40 40 40 40 40 40 40 39 40 1 31 18 6 36 40 32 21 16 40 1 36 40 40 40 
40 32 40 40 40 32 40 40 40 40 40 40 40 40 40 32 3 40 40 40 40 40 40 
13 40 40 40 14 40 39 40 2 17 30 9 40 34 17 40 40 40 40 40 40 38 
10 20 25 40 40 40 35 40 4 40 40 15 40 24 40 40 20 40 11 40 40 
13 30 40 40 35 40 37 38 40 40 40 28 40 5 40 40 26 20 40 18 
40 40 40 40 40 1 40 20 40 15 35 40 13 40 40 38 39 40 13 
40 40 23 40 40 18 40 40 35 2 40 40 40 27 40 40 40 12 
30 40 40 37 40 1 39 40 40 40 13 40 40 30 22 40 40 
11 40 40 2 40 40 7 12 36 40 40 40 40 7 5 40 
40 40 40 40 40 40 11 40 40 37 40 40 37 40 37 
40 5 23 8 2 40 40 40 31 9 40 0 40 40 
26 5 0 3 23 12 21 15 40 40 40 40 40 
40 40 40 40 40 11 40 40 40 40 15 40 
26 38 40 40 40 32 40 40 29 40 40 
40 20 29 40 40 40 37 39 40 14 
1 25 40 33 40 13 29 40 40 
2 18 40 40 40 40 40 30 
40 40 8 40 37 2 25 
40 40 40 40 12 34 
40 6 28 40 28 
40 13 40 40 
27 5 6 
40 40 
10 

25 20 27 10 27 21 8 24 8 33 31 3 34 17 35 1 38 19 2 22 14 38 9 26 6 7 9 2 4 24 34 29 36 31 0 17 27 31 38 
25 33 8 11 30 5 35 5 10 17 0 12 34 4 39 29 20 20 22 7 4 28 26 32 8 29 31 0 4 27 18 33 36 31 13 29 4 35 
24 19 9 27 38 14 13 24 17 3 17 12 20 15 28 10 34 6 2 26 20 11 17 20 37 3 3 25 39 14 39 7 5 18 30 29 5 
1 39 29 38 24 18 19 7 13 18 40 21 25 30 27 1 8 26 0 14 39 31 23 13 19 38 18 5 39 34 2 24 21 12 17 26 
7 5 28 17 30 40 8 35 33 38 17 7 40 16 23 1 33 40 17 18 33 27 25 5 9 38 36 13 18 25 4 4 8 31 0 
15 8 38 15 12 7 34 36 0 39 33 4 27 12 39 24 8 36 40 7 26 1 37 21 6 27 29 35 10 26 9 6 4 11 
1 38 40 31 21 34 33 20 5 28 19 31 14 10 38 19 24 12 14 24 23 1 19 14 11 30 7 38 40 39 13 5 24 
38 25 20 1 11 23 38 14 30 12 37 32 26 27 14 27 22 15 15 0 9 34 12 12 29 13 23 2 22 19 5 23 
25 35 29 21 4 33 30 33 3 29 39 20 18 26 20 14 13 15 7 8 39 16 11 29 4 11 31 27 14 25 34 
16 6 0 30 23 20 14 35 24 13 24 25 29 38 1 10 29 22 7 1 15 40 31 9 35 33 17 30 9 18 
2 6 31 34 29 25 8 7 19 36 23 23 20 12 33 2 21 38 35 18 19 13 2 24 24 1 21 23 13 
31 26 20 5 40 40 40 40 40 40 40 40 40 40 40 40 27 40 40 40 40 40 40 40 4 35 40 40 
40 40 40 40 40 40 40 40 40 40 40 40 40 40 17 40 40 40 40 40 40 40 40 40 40 40 40 
40 40 25 40 40 40 40 40 40 40 40 40 40 40 40 40 40 40 40 40 40 40 40 40 40 40 
40 40 40 40 40 40 40 40 40 40 14 40 40 40 40 40 40 40 40 40 40 40 40 40 40 
40 40 40 40 40 40 40 40 40 40 40 40 40 40 40 40 40 40 40 40 40 40 40 40 
40 40 40 40 40 40 40 40 40 40 40 40 40 40 40 40 40 40 40 40 40 40 14 
2 40 37 40 40 40 40 40 40 40 40 40 40 40 40 40 40 40 40 40 40 40 
40 40 20 40 40 40 40 40 40 40 40 40 40 40 40 40 40 40 40 21 40 
40 40 40 40 40 40 40 40 40 40 3 40 40 40 40 40 40 40 40 40 
40 40 40 40 40 40 40 40 40 40 40 40 40 40 40 40 40 40 40 
40 40 40 40 40 40 40 40 40 40 40 40 40 40 40 40 40 40 
40 40 40 40 40 40 40 40 40 35 40 40 40 40 40 40 40 
4 25 40 40 40 40 40 40 40 40 40 40 40 40 40 40 
40 40 40 40 40 40 40 40 40 40 40 40 40 40 40 
40 40 40 40 40 40 40 40 40 40 40 40 40 40 
40 40 40 40 3 40 40 40 40 40 40 40 40 
40 40 40 40 40 40 40 40 40 40 40 40 
40 40 40 40 24 40 40 40 40 40 40 
40 40 36 40 40 40 40 40 40 40 
40 40 40 40 40 40 40 40 40 
40 40 40 19 40 40 40 40 
40 40 40 40 40 40 40 
40 40 40 40 40 40 
23 40 40 40 40 
40 40 40 40 
40 40 40 
40 40 
40 

