40 40
22 28 37 21 14 6 38 24 28 40 18 19 26 33 9 40 23 18 11 24 40 23 38 10 14 36 26 5 18 13 33 40 34 27 14 8 29 29 12 
29 40 21 39 21 17 12 29 14 33 1 7 40 30 40 23 33 39 12 2 37 3 24 19 20 22 34 34 40 6 18 24 19 39 27 1 32 38 
32 9 24 1 24 40 5 38 40 15 7 40 32 3 40 33 37 18 10 0 26 37 40 35 0 40 40 19 24 11 29 17 39 11 6 28 27 
13 21 19 9 4 38 40 19 14 40 16 4 10 21 20 35 36 36 40 31 10 5 11 13 3 23 13 8 30 31 24 40 29 3 31 22 
24 40 22 36 40 19 11 4 10 13 11 32 40 12 31 10 31 38 30 19 40 4 19 17 12 0 31 36 38 40 3 15 39 26 6 
40 26 33 32 40 38 8 5 11 38 8 5 24 36 40 2 32 22 3 12 40 27 25 38 27 27 1 19 22 21 14 24 40 40 
40 29 16 12 17 0 38 40 10 30 22 40 14 39 30 2 9 1 6 3 40 40 40 13 6 25 5 1 16 29 9 28 39 
2 16 0 19 40 6 40 4 18 10 37 36 3 34 19 13 17 22 13 28 40 11 13 38 40 24 28 24 4 2 3 30 
18 0 9 16 32 19 26 23 7 17 21 17 40 31 12 34 40 29 5 21 9 28 18 20 2 5 9 9 20 28 15 
33 24 38 25 27 9 39 15 13 1 37 25 23 38 12 13 39 21 9 21 17 29 18 40 4 32 21 40 20 28 
23 9 14 10 38 26 31 29 24 40 40 0 26 40 11 5 25 18 12 31 12 25 9 3 40 24 4 40 24 
25 38 37 0 30 2 27 27 31 29 35 5 14 29 40 6 35 40 18 37 9 40 17 35 20 31 33 15 
36 25 30 40 19 3 8 2 3 19 5 31 31 40 40 11 35 11 19 40 40 34 40 9 2 12 3 
40 40 28 23 40 33 15 40 20 0 17 16 40 28 40 31 11 39 38 31 4 7 12 34 32 40 
37 40 40 27 40 24 27 0 4 11 21 9 9 19 40 3 40 10 34 15 40 40 12 8 13 
1 33 37 35 37 5 34 4 3 13 13 22 33 26 32 5 40 15 15 39 40 24 6 40 
40 33 35 40 16 7 29 7 28 8 27 40 13 34 21 40 34 8 21 32 40 32 40 
21 40 3 40 40 31 34 40 0 1 12 16 40 38 40 40 36 38 29 40 40 40 
31 11 40 40 26 28 11 10 18 11 30 4 18 9 4 12 15 25 20 39 40 
35 29 17 9 17 38 21 40 31 21 6 40 6 4 21 34 40 32 40 31 
40 40 38 27 18 40 40 40 40 21 1 30 2 40 40 28 28 2 12 
40 27 40 16 35 16 29 40 1 40 3 2 0 10 40 40 13 40 
40 6 40 29 13 17 10 25 37 40 40 39 22 40 14 27 5 
26 27 3 40 30 12 35 36 30 25 25 40 39 32 35 40 
24 40 40 7 40 15 19 30 40 40 0 39 40 8 33 
40 29 40 31 40 27 16 39 39 22 17 22 40 8 
40 32 21 8 40 29 40 40 12 40 0 22 20 
1 25 21 40 30 40 18 8 40 31 35 0 
40 15 30 39 14 34 40 40 24 38 9 
30 22 8 25 21 40 17 39 37 40 
39 4 40 5 40 8 40 1 11 
9 19 40 25 40 29 29 35 
3 35 31 40 2 40 15 
27 16 30 15 2 4 
14 40 40 15 27 
9 30 23 40 
16 40 40 
4 10 
25 

29 37 14 36 40 36 13 31 20 12 40 4 0 7 40 30 40 25 7 0 39 38 11 40 12 12 14 30 26 33 35 40 17 10 39 40 19 29 31 
4 40 40 40 19 24 22 8 30 40 40 21 13 11 40 35 39 39 26 32 30 8 39 4 40 40 27 33 17 10 10 38 35 40 36 10 40 29 
33 14 16 21 22 32 39 40 40 7 38 40 40 7 26 15 14 36 40 7 35 8 21 36 3 16 19 23 40 40 21 40 10 20 40 40 40 
37 4 2 40 26 7 40 40 38 11 40 18 40 18 24 13 39 12 21 40 3 27 34 35 40 36 7 3 27 18 27 40 25 36 33 40 
39 5 34 25 36 40 19 14 35 40 7 5 40 13 10 29 40 40 40 40 23 18 12 8 4 5 38 5 40 32 18 25 1 32 40 
34 10 40 33 16 37 20 23 34 40 28 13 5 40 40 17 35 30 16 2 7 2 4 18 21 34 35 12 21 26 7 1 3 18 
25 27 11 34 40 1 18 5 32 19 37 40 6 24 4 40 11 22 31 40 40 31 11 34 21 34 31 21 40 22 36 31 40 
40 22 30 39 7 30 18 9 29 8 40 16 23 40 15 21 40 17 8 30 20 13 24 10 20 26 28 8 19 40 13 37 
3 17 16 31 8 9 33 0 32 32 7 18 35 25 40 8 7 33 7 15 21 37 27 40 38 28 40 36 22 40 40 
21 16 10 35 4 33 1 40 29 16 6 7 6 31 21 14 8 1 6 38 37 31 17 14 27 18 8 31 27 31 
3 33 35 29 32 34 16 15 34 19 26 8 6 39 18 19 40 10 40 15 21 40 19 12 15 40 28 33 34 
31 40 12 35 14 22 34 17 13 24 0 24 13 40 9 26 14 21 13 17 7 40 18 25 16 15 40 16 
27 27 31 12 32 30 26 37 9 40 23 40 13 26 40 13 20 15 40 21 40 20 25 4 10 14 33 
0 40 24 23 12 32 38 33 14 40 40 40 0 4 11 31 2 40 35 9 28 17 40 1 39 13 
9 11 10 29 3 3 40 21 40 8 4 7 35 9 9 37 3 8 16 40 17 11 8 40 1 
0 3 23 23 36 35 4 40 40 12 11 2 25 10 40 40 26 9 5 20 24 10 23 31 
40 13 17 17 40 6 30 37 40 1 21 15 31 40 40 40 23 40 34 9 13 16 24 
24 27 33 40 17 20 20 20 7 2 26 1 29 8 40 15 19 39 2 2 40 34 
1 32 40 40 30 40 0 10 20 0 1 40 32 10 10 14 40 32 35 32 34 
40 30 40 19 38 1 4 12 11 25 40 25 25 20 9 40 18 27 4 22 
19 11 18 17 26 12 40 36 33 6 21 8 2 0 33 33 22 18 24 
40 25 40 40 12 16 9 10 6 8 25 27 32 28 11 2 40 14 
12 34 8 19 20 26 30 36 40 40 10 40 10 40 38 10 21 
15 25 9 40 33 7 34 26 28 39 8 26 12 28 3 40 
15 0 39 7 25 4 15 40 14 18 0 40 32 1 33 
11 4 8 40 3 13 27 11 10 19 38 10 20 9 
37 6 16 25 32 4 1 2 19 1 40 17 40 
40 14 19 11 36 25 7 25 8 40 32 6 
10 23 31 40 35 16 18 40 0 6 40 
2 0 22 8 38 14 40 29 40 5 
40 23 4 17 40 33 40 0 40 
25 40 32 20 5 30 40 16 
39 40 40 17 38 8 16 
40 40 40 40 30 40 
16 12 20 40 26 
40 18 28 40 
40 40 12 
16 4 
40 

10 23 5 39 20 22 40 38 40 17 22 40 39 24 21 13 24 3 13 40 39 38 24 3 15 39 16 40 34 34 6 21 17 12 40 31 13 12 6 
14 14 15 40 36 40 13 33 7 38 31 22 32 0 0 28 40 40 40 10 40 36 28 1 25 32 9 6 40 39 9 40 29 40 33 35 8 34 
24 0 35 15 29 15 37 26 40 11 17 38 21 40 18 15 29 33 40 40 40 30 31 4 20 28 16 25 29 40 21 20 19 20 15 25 7 
13 7 40 24 40 2 25 40 33 1 40 2 31 27 15 40 40 40 22 37 9 40 23 32 40 12 12 0 39 0 40 23 16 21 36 15 
37 30 12 18 40 3 21 40 26 2 40 12 14 17 10 31 21 33 20 34 11 36 39 40 38 40 33 15 40 17 0 2 11 14 25 
40 16 4 40 2 14 22 35 40 8 33 20 37 28 31 21 3 24 0 24 26 6 40 40 23 26 8 40 18 28 6 37 16 40 
40 20 40 8 9 31 33 40 23 3 40 40 18 4 9 27 35 1 40 35 7 40 11 0 40 26 7 11 37 40 25 40 37 
6 18 5 36 21 14 1 40 19 14 33 24 26 28 3 25 40 35 6 25 12 12 35 10 26 19 1 37 18 38 22 7 
12 18 38 40 40 40 8 10 13 4 40 8 2 23 40 0 21 16 4 27 40 24 10 13 11 40 40 24 35 37 20 
34 5 23 9 7 5 14 22 20 5 2 5 4 23 40 40 40 8 29 8 13 6 13 33 6 19 7 40 40 38 
5 7 12 19 28 2 2 19 17 20 17 40 4 39 40 2 13 28 34 22 4 40 6 0 40 40 20 23 40 
12 40 32 31 12 18 19 40 14 4 40 14 36 40 26 40 35 30 33 34 25 12 34 22 17 16 25 40 
4 40 40 20 27 32 38 35 22 40 2 25 40 36 9 29 27 40 24 17 32 40 31 4 0 40 19 
40 40 2 13 38 3 4 36 2 0 27 36 15 5 8 3 14 21 15 8 25 37 24 40 17 14 
2 6 37 40 40 35 2 21 23 2 2 0 37 6 35 40 40 16 37 40 38 18 35 30 39 
4 35 8 31 7 15 40 40 1 40 6 37 40 36 11 28 36 40 28 33 12 34 32 37 
3 25 26 0 23 40 21 4 4 28 39 20 5 28 26 40 3 8 30 19 1 38 25 
39 27 2 40 37 38 32 39 29 34 31 36 38 40 24 34 3 27 20 16 38 15 
18 6 4 33 17 8 17 40 7 2 28 3 40 40 11 24 29 0 20 40 14 
1 35 2 23 14 33 14 30 10 13 40 40 24 28 33 21 28 11 40 40 
1 5 40 40 7 38 24 23 24 11 15 17 15 40 20 40 18 13 40 
40 9 40 40 8 25 7 0 21 20 19 4 40 40 16 3 11 29 
10 40 40 25 24 28 0 13 27 2 0 0 16 12 6 40 40 
5 40 2 9 3 40 23 32 25 39 12 13 8 40 18 10 
22 11 40 9 13 19 16 28 40 6 12 40 16 17 7 
31 13 2 36 1 1 32 18 28 14 39 12 21 19 
28 31 16 3 25 37 3 40 22 25 18 37 27 
4 40 4 3 19 39 4 27 40 2 18 40 
24 40 10 32 30 27 28 6 8 24 12 
1 30 40 35 31 18 40 13 34 40 
40 13 36 40 3 40 16 40 25 
39 40 12 40 40 12 35 30 
14 27 16 12 40 20 6 
40 40 34 10 32 30 
12 14 21 20 12 
30 40 40 40 
10 40 4 
30 40 
23 

40 28 35 23 30 28 30 0 16 9 13 10 8 7 40 15 27 29 38 40 20 40 34 17 19 20 19 15 3 2 34 14 35 40 1 2 0 21 19 
24 28 0 40 30 13 37 36 2 26 4 29 10 40 40 33 11 20 8 40 37 33 12 37 29 3 1 39 18 40 30 38 16 30 24 39 35 1 
27 30 4 2 34 9 8 40 20 16 30 9 15 18 30 40 34 40 6 40 40 35 39 35 32 26 22 7 28 32 40 5 9 33 30 19 25 
0 40 15 1 40 40 29 40 16 7 0 40 1 6 23 19 40 23 27 6 35 28 20 24 20 27 18 3 37 16 15 20 6 18 25 5 
40 14 33 34 17 26 40 37 28 25 3 4 21 23 27 12 34 7 37 36 24 16 28 24 22 1 9 17 10 3 25 40 31 26 10 
24 40 19 4 20 4 7 28 24 28 24 35 29 35 40 12 8 19 31 38 14 19 16 9 11 2 35 33 38 14 19 32 34 14 
10 16 31 30 40 40 8 20 16 31 26 31 17 37 2 24 33 21 1 1 40 11 4 28 2 6 34 34 0 20 26 40 3 
23 35 33 12 39 38 15 40 19 17 21 4 18 21 25 19 14 22 33 20 36 21 40 26 40 7 31 40 10 36 2 14 
35 18 24 40 1 33 22 0 40 2 2 40 26 26 34 22 40 19 5 22 40 17 21 27 26 27 38 7 3 24 17 
12 17 25 19 12 40 18 33 26 1 31 15 28 33 25 34 38 10 28 24 37 15 40 39 13 2 2 29 17 13 
3 1 21 10 26 3 32 33 23 28 4 26 16 36 27 13 20 40 28 40 25 5 30 36 13 16 1 16 4 
2 24 40 19 33 34 11 40 30 29 40 27 34 33 26 40 21 32 24 4 11 7 14 33 13 18 21 15 
9 38 40 11 38 24 0 38 40 14 9 39 9 38 5 16 40 0 29 28 12 33 35 8 32 18 7 
39 33 2 7 14 35 25 6 40 3 23 35 40 21 8 13 8 33 35 36 1 0 4 22 34 36 
23 17 14 27 28 1 34 40 12 38 11 18 13 40 14 16 7 8 40 18 17 36 29 4 7 
30 8 16 9 7 13 3 38 27 3 38 17 40 22 18 22 39 16 34 28 14 23 19 12 
35 37 40 40 21 36 9 5 2 25 40 15 0 25 30 10 14 7 20 26 3 22 1 
29 4 34 33 36 40 6 7 7 30 20 22 40 40 13 40 18 40 40 17 40 40 
3 17 39 40 40 19 34 33 40 33 38 40 40 40 40 7 40 31 0 23 11 
17 23 4 24 18 6 40 25 40 22 40 40 18 18 40 40 16 3 35 40 
40 31 40 40 40 40 1 40 25 19 23 14 40 13 5 40 13 40 37 
13 22 40 0 14 40 37 18 37 37 40 15 6 39 40 40 40 40 
40 23 40 2 15 40 39 11 32 15 40 40 40 18 40 30 40 
40 19 1 40 10 38 36 9 30 37 40 40 40 40 31 15 
2 40 7 31 31 40 37 4 26 15 6 40 16 40 18 
4 40 17 31 33 40 40 33 15 40 2 40 40 40 
39 10 21 5 40 10 6 40 32 40 14 37 40 
10 24 40 35 40 40 40 40 26 19 40 22 
40 4 0 38 40 8 26 9 29 34 25 
40 40 40 23 28 40 20 40 30 40 
40 12 40 11 40 3 22 24 15 
40 40 8 3 40 40 24 16 
40 30 40 21 36 9 40 
4 40 40 18 35 24 
36 18 24 40 37 
3 21 6 24 
17 37 7 
1 24 
40 

9 30 4 40 10 20 3 27 0 10 5 37 30 0 20 38 16 31 1 31 0 8 17 39 2 0 39 28 7 7 23 9 33 29 3 9 5 10 18 
40 32 31 21 21 30 27 14 40 17 0 24 29 7 11 8 37 39 14 4 12 24 9 7 18 40 17 1 9 7 9 15 29 40 31 14 40 40 
10 22 23 40 14 31 29 3 38 36 25 22 28 9 30 39 35 17 15 10 23 7 5 19 40 20 1 8 23 32 1 39 33 19 13 8 1 
23 36 35 30 3 32 35 12 31 33 32 26 40 18 25 0 19 39 40 25 0 16 22 38 29 30 32 7 1 33 10 32 35 6 8 12 
3 32 23 24 7 40 28 25 34 15 5 35 40 8 34 28 23 13 11 6 11 28 30 20 18 9 4 35 40 37 10 35 9 39 12 
11 29 9 2 38 18 40 28 9 35 15 22 26 2 0 27 14 9 35 32 15 28 14 10 5 31 5 23 5 22 0 35 40 40 
23 19 38 12 32 32 8 40 17 8 3 10 25 15 11 13 5 26 19 31 35 10 10 5 39 10 24 18 2 0 19 17 37 
13 9 22 8 10 37 40 26 36 30 13 40 34 34 18 23 11 22 34 10 14 19 13 30 3 10 40 40 40 19 40 25 
35 3 33 27 29 8 30 40 30 22 23 1 22 4 35 37 1 33 23 5 12 34 39 2 40 17 9 13 31 10 17 
0 10 24 36 18 36 10 39 23 40 18 36 10 10 8 14 5 26 40 38 40 13 14 15 29 11 12 33 15 17 
5 21 27 18 14 29 15 17 26 31 22 31 0 11 1 9 34 2 26 16 32 18 36 12 35 1 1 14 31 
1 8 24 18 0 21 32 7 13 13 8 39 28 25 26 24 3 37 6 0 9 13 9 34 22 25 18 38 
28 0 22 22 1 30 1 12 15 33 14 37 36 24 27 27 9 7 8 33 2 0 40 20 3 29 16 
10 7 2 15 26 17 34 40 18 0 21 20 4 10 8 0 8 28 20 18 11 28 39 28 38 10 
31 20 4 34 14 9 4 20 28 20 11 40 4 33 23 9 19 40 22 32 32 40 28 29 39 
24 18 9 25 3 40 4 29 36 23 15 3 33 34 22 38 26 40 35 33 40 37 23 33 
9 36 34 3 26 40 31 17 33 24 12 40 40 24 17 39 12 26 24 6 26 40 30 
14 0 40 7 36 36 14 11 3 16 32 6 19 9 30 19 31 8 34 25 20 14 
28 6 38 1 11 30 17 4 11 7 15 40 0 18 17 17 3 40 26 40 28 
11 0 20 37 31 39 20 22 14 40 26 31 39 32 40 11 11 0 4 28 
3 23 18 5 40 15 32 4 10 37 5 18 2 23 0 0 13 30 38 
19 38 36 7 38 14 10 38 23 22 1 7 30 22 7 24 27 30 
36 5 15 12 25 19 4 25 6 4 29 18 19 31 0 40 17 
8 30 1 6 7 23 29 16 38 37 39 16 27 40 29 39 
4 32 3 6 9 37 40 40 40 40 40 40 40 40 40 
40 40 5 40 40 40 40 40 40 40 40 40 40 40 
40 40 40 25 40 40 40 40 40 40 40 40 40 
40 40 40 40 40 40 40 40 1 40 40 40 
40 40 40 40 40 40 40 40 40 40 40 
40 40 40 31 39 40 40 40 40 40 
40 40 40 40 40 40 40 40 5 
40 40 40 40 40 40 40 40 
40 40 40 40 40 40 40 
40 40 40 40 40 40 
40 40 40 18 40 
0 40 40 40 
40 40 40 
40 40 
40 

12 25 40 2 40 1 21 31 27 23 13 40 19 2 22 36 22 26 25 6 10 29 19 19 24 22 22 13 31 25 29 21 40 40 23 29 6 8 22 
11 40 2 34 39 6 23 36 5 35 0 24 38 30 40 2 28 37 39 40 36 24 14 6 40 33 8 3 34 40 37 40 27 21 36 28 18 0 
21 8 9 4 33 40 28 27 31 12 2 9 13 16 40 14 39 16 27 40 30 13 7 5 34 30 5 28 24 25 24 9 40 19 30 40 30 
33 30 4 38 27 8 12 10 35 15 40 40 16 40 21 36 22 10 19 28 34 40 5 24 16 21 13 39 15 0 37 1 15 27 34 35 
37 24 23 16 6 36 30 31 30 26 33 25 18 2 26 8 26 32 6 27 29 1 36 5 7 4 11 40 10 40 6 9 37 13 0 
11 25 22 18 23 9 33 12 31 36 26 40 15 40 11 25 16 40 31 7 40 40 38 17 0 40 40 28 17 28 40 24 22 8 
40 13 6 35 32 18 15 12 38 4 40 40 10 30 0 4 40 39 17 40 38 9 36 40 21 26 40 6 40 0 40 40 24 
8 21 15 40 40 34 40 32 35 40 4 10 9 40 1 40 40 2 40 24 39 40 4 38 39 35 40 40 32 24 40 40 
29 40 24 12 16 25 40 40 10 34 8 40 22 34 38 40 40 29 34 19 40 40 23 40 40 26 17 31 10 40 14 
21 6 19 8 0 25 28 12 4 7 1 37 4 40 8 32 29 40 16 0 22 34 17 23 27 34 24 6 40 31 
0 40 14 12 17 33 39 27 12 40 36 10 27 0 27 18 27 25 38 18 6 25 33 40 8 11 5 19 11 
12 8 33 40 23 20 24 40 36 19 34 25 9 40 24 8 31 40 13 26 30 33 21 35 0 5 34 24 
21 40 40 16 12 40 9 39 37 40 18 20 33 17 32 40 17 10 29 5 28 35 13 38 20 33 34 
32 10 33 23 23 40 32 28 18 1 31 33 40 6 30 26 35 40 35 40 29 17 23 7 40 20 
2 15 31 40 25 35 0 10 13 25 35 40 40 15 25 13 39 18 35 5 40 34 7 24 7 
19 3 16 15 16 19 39 25 17 25 15 24 40 18 28 40 31 24 40 26 16 20 25 21 
2 29 37 32 13 15 3 37 38 8 9 0 34 0 10 40 39 38 38 12 2 37 40 
40 40 13 20 23 40 40 8 40 35 19 30 40 35 33 2 26 40 29 40 16 33 
1 2 29 14 13 37 8 11 34 8 15 27 10 40 17 34 29 0 12 7 37 
33 35 25 28 8 3 40 40 19 22 25 2 1 34 39 35 37 35 3 8 
28 24 11 12 40 5 37 40 16 14 21 22 8 40 40 8 40 28 37 
2 12 40 0 26 35 40 18 30 1 18 40 31 7 8 8 32 16 
1 28 40 23 38 26 40 21 10 38 28 40 40 0 40 21 34 
40 40 36 2 31 40 31 8 22 0 18 40 26 40 40 13 
40 3 13 17 19 18 1 19 32 40 23 38 40 33 40 
40 40 19 40 23 40 2 28 3 22 40 27 25 11 
8 39 16 25 24 40 14 40 36 40 12 20 38 
1 15 14 16 40 36 40 31 24 40 3 40 
37 17 8 20 40 40 23 40 31 14 40 
40 0 40 30 7 3 40 27 40 8 
5 21 5 23 32 7 15 40 9 
7 35 2 40 27 40 20 40 
34 5 1 40 25 1 35 
23 15 27 1 18 4 
40 21 30 6 40 
12 8 40 8 
5 34 10 
28 2 
40 

23 1 10 30 24 5 30 34 21 29 35 40 0 2 9 21 29 30 32 10 27 7 28 0 33 1 40 26 40 40 26 38 10 34 28 24 16 20 38 
40 20 31 35 14 28 38 1 39 40 18 22 7 16 1 11 36 28 35 14 33 27 19 32 40 3 40 36 18 37 3 12 0 31 19 7 40 38 
31 20 40 40 38 32 9 0 9 30 20 1 28 9 12 31 40 16 18 3 37 14 11 10 40 14 34 40 36 17 8 7 11 33 20 1 40 
37 5 12 9 9 6 40 4 40 3 39 38 40 40 8 23 16 16 10 7 40 18 39 30 2 26 9 35 38 17 29 10 40 16 10 14 
40 7 27 40 40 1 22 4 3 22 35 11 13 40 40 19 5 40 6 28 6 29 40 40 40 40 10 37 5 35 13 16 40 31 36 
2 18 28 40 30 22 40 17 40 39 35 22 40 11 5 12 20 39 40 39 40 8 1 28 40 7 19 15 6 34 21 16 31 26 
33 33 18 40 40 37 40 30 15 40 9 25 19 21 40 33 23 4 34 9 5 4 0 40 40 9 6 13 27 40 0 18 17 
39 40 26 12 31 17 11 40 1 36 33 40 30 28 40 27 4 40 10 4 29 1 37 35 4 24 0 8 20 9 40 6 
40 2 26 22 39 19 24 5 12 16 40 40 40 15 30 13 31 40 16 40 16 21 36 20 28 16 25 19 16 13 16 
40 40 26 6 14 40 33 2 2 13 3 40 26 26 26 15 0 16 0 19 13 10 10 17 40 18 29 17 1 31 
35 40 32 26 40 1 26 23 24 15 40 2 12 0 6 21 10 7 3 18 40 11 16 3 3 31 13 40 27 
22 33 22 14 28 24 19 8 5 40 2 2 40 25 1 16 40 34 9 9 16 40 26 6 16 14 18 12 
34 8 7 11 4 11 30 26 16 27 40 7 26 3 1 28 29 27 7 5 0 37 18 10 7 19 40 
9 0 11 27 12 13 40 27 1 19 40 0 0 22 24 16 40 40 39 2 7 2 24 16 3 1 
40 23 33 5 14 30 10 29 3 7 18 33 30 40 9 40 40 40 6 35 32 24 22 21 38 
35 3 35 40 20 40 40 31 22 39 17 40 2 23 40 19 27 25 27 40 33 40 35 19 
40 40 23 37 4 40 40 26 40 20 40 10 8 19 15 0 19 21 0 40 0 38 40 
12 40 18 27 20 26 33 40 31 29 2 40 15 12 38 37 15 1 40 12 9 17 
13 6 21 33 40 2 1 31 13 27 10 35 40 37 17 5 8 1 28 25 16 
15 29 3 40 13 22 13 3 27 35 39 27 8 40 5 40 25 23 37 29 
21 6 7 2 8 40 39 28 1 40 35 31 13 8 11 27 0 7 5 
40 34 8 1 32 36 25 40 40 8 1 12 40 13 40 40 40 4 
9 14 6 29 4 12 18 40 7 1 18 40 6 30 3 16 7 
36 1 20 40 29 23 3 40 6 11 23 27 29 40 7 0 
40 9 23 3 3 40 40 14 40 31 9 14 5 11 24 
9 6 40 18 7 3 40 5 13 22 1 10 40 40 
33 35 40 40 24 29 40 40 35 40 15 23 16 
33 18 25 1 38 40 35 33 23 40 15 39 
21 22 27 17 32 10 40 40 40 26 40 
15 19 21 18 40 31 12 32 38 40 
18 26 1 40 30 40 17 40 8 
5 20 9 40 40 40 40 40 
19 10 40 37 27 6 30 
14 34 16 40 22 30 
25 26 34 30 2 
40 40 8 20 
20 18 25 
32 30 
40 

24 26 9 22 40 37 27 14 5 12 11 19 40 38 9 2 17 36 22 40 9 29 23 39 8 27 4 12 21 37 40 40 31 12 23 39 31 40 10 
3 13 28 39 16 40 40 2 30 34 39 22 27 40 8 33 25 40 19 19 38 21 10 29 40 40 10 13 20 5 8 1 29 2 28 32 29 6 
15 2 1 21 27 15 35 40 3 14 31 14 7 22 40 40 2 11 19 29 38 24 14 29 2 13 4 28 7 40 33 22 5 36 39 18 4 
9 30 17 18 26 2 29 26 28 8 5 11 1 39 38 25 40 24 9 40 27 23 5 3 27 9 19 39 27 26 21 40 37 17 12 40 
1 40 0 7 32 12 5 16 8 18 19 13 40 22 17 24 4 9 40 12 1 33 30 29 2 8 28 40 39 14 40 22 29 31 38 
40 39 8 13 33 5 28 33 12 0 19 40 28 18 20 29 17 32 25 40 40 6 40 33 10 8 21 40 40 32 18 31 23 40 
19 16 15 4 1 27 40 40 40 29 6 6 3 16 32 40 40 22 11 40 40 22 4 40 29 40 6 6 8 21 9 8 40 
31 19 19 40 31 3 33 3 28 40 40 40 33 22 1 40 31 4 40 5 40 7 36 22 32 40 19 13 16 3 35 1 
40 14 40 40 8 16 18 40 27 40 37 31 38 26 24 34 11 36 2 24 9 28 40 2 40 21 14 40 14 17 38 
9 40 28 2 19 5 27 2 32 0 23 23 17 3 40 35 34 17 2 35 27 40 5 19 15 12 9 10 13 27 
21 34 13 0 26 29 25 9 40 40 2 2 28 40 13 40 29 33 0 8 36 40 11 7 13 8 7 4 6 
25 22 1 26 5 40 16 40 29 7 8 29 10 40 37 18 1 1 32 19 39 36 17 0 35 40 3 21 
40 10 28 40 9 14 1 9 26 31 15 40 33 13 40 20 37 35 2 19 29 40 34 39 32 40 40 
5 30 27 36 13 30 40 4 36 17 8 31 35 15 4 16 14 39 30 39 37 14 22 6 19 25 
40 3 16 32 19 4 28 13 40 19 32 27 1 5 25 25 39 17 14 16 14 40 35 10 6 
8 40 8 28 0 7 27 22 4 15 0 39 20 19 40 7 17 3 22 32 8 11 18 11 
34 9 34 9 12 40 40 36 27 25 14 39 5 20 19 35 40 14 6 18 9 22 24 
1 35 2 3 10 3 22 20 7 23 30 19 21 1 17 37 14 15 3 22 28 8 
35 38 9 1 19 23 4 5 3 38 6 15 23 40 36 14 14 40 25 20 40 
27 26 16 19 20 35 39 27 7 40 40 25 13 39 40 22 40 16 24 14 
7 36 10 3 32 37 40 17 36 3 7 40 28 36 36 21 40 18 38 
32 0 27 15 36 40 20 31 19 16 15 25 40 16 36 38 23 7 
40 23 40 38 40 40 31 40 36 25 17 40 40 40 20 40 40 
40 39 38 35 40 40 3 15 36 40 35 39 21 40 6 12 
25 40 14 40 40 9 23 0 40 14 40 35 18 26 40 
1 16 10 23 40 36 40 20 40 40 40 40 27 40 
35 13 4 27 4 27 38 40 16 6 6 9 29 
25 12 2 40 19 40 19 40 40 33 25 32 
4 26 5 40 40 4 12 1 25 29 5 
24 0 40 9 25 7 3 31 40 31 
28 6 40 35 40 16 40 18 40 
19 40 40 40 20 18 40 40 
37 17 27 25 9 27 33 
40 19 40 17 21 40 
23 15 40 39 40 
40 40 19 38 
40 40 40 
8 40 
11 

40 24 29 27 6 26 3 14 33 18 8 17 16 7 0 40 32 19 9 2 11 24 40 40 35 9 4 30 12 4 0 36 40 9 13 40 18 25 15 
21 13 36 37 21 40 11 35 14 7 29 13 40 39 9 13 35 34 15 16 3 36 15 33 5 5 33 29 16 40 20 40 28 17 5 35 12 18 
40 37 21 33 19 23 40 26 40 39 0 26 12 11 16 21 29 40 40 22 23 39 38 37 40 33 40 22 6 18 27 20 8 4 23 3 20 
8 34 40 25 40 7 18 15 40 40 19 9 3 40 4 35 1 23 7 32 39 2 40 10 15 3 12 34 33 3 3 40 31 28 28 6 
23 10 3 3 2 36 7 16 20 12 11 40 2 12 27 11 25 37 40 26 34 33 32 1 25 18 14 14 40 40 4 40 34 16 35 
35 40 27 40 21 39 27 37 4 0 0 29 24 40 2 16 28 8 26 15 5 4 11 8 21 40 8 40 22 16 40 5 10 28 
39 13 13 21 40 32 40 39 36 8 28 29 24 21 16 1 13 31 1 25 2 11 37 23 27 40 6 40 29 7 40 30 39 
32 40 40 27 21 40 39 25 13 5 22 17 23 40 36 40 40 40 40 8 10 18 23 36 40 40 40 29 11 40 39 25 
40 36 40 13 27 40 40 22 17 2 5 26 23 34 17 40 2 14 38 36 40 40 23 40 21 21 33 37 33 9 7 
40 9 13 10 0 21 40 22 34 33 30 2 21 40 36 8 40 23 21 20 34 14 29 26 6 19 40 26 40 19 
13 0 33 26 5 20 40 27 40 26 40 8 12 8 40 27 9 25 17 0 14 33 25 40 8 24 3 13 23 
2 29 15 7 39 24 7 33 40 23 23 11 6 37 35 15 40 26 40 40 26 0 17 18 40 32 40 18 
39 10 1 22 14 16 23 0 4 40 40 4 25 8 40 14 22 26 40 30 16 39 27 7 16 16 29 
40 24 21 18 32 37 7 40 40 13 13 8 36 14 16 10 18 40 9 8 4 14 40 0 5 40 
40 35 38 40 8 1 19 27 35 29 40 40 20 27 35 6 10 8 7 40 26 4 15 31 12 
22 4 26 30 23 40 40 39 17 1 31 18 6 36 36 32 21 16 40 1 36 29 31 29 
40 32 0 40 9 32 3 23 40 40 40 40 31 15 28 32 3 40 4 40 40 31 40 
13 27 4 15 14 15 39 0 2 17 30 9 3 34 17 15 40 29 40 10 16 38 
10 20 25 8 9 16 35 40 4 34 10 15 40 24 3 40 20 21 11 3 9 
13 30 5 15 35 0 37 38 16 40 11 28 16 5 28 6 26 20 40 18 
40 40 21 40 10 1 27 20 5 15 35 4 13 22 40 38 39 37 13 
36 33 23 16 11 18 40 4 35 2 17 40 15 27 40 40 40 12 
30 5 29 37 40 1 39 7 22 29 13 18 40 30 22 40 18 
11 12 40 2 29 38 7 12 36 28 34 40 17 7 5 32 
16 21 8 40 40 40 11 40 40 37 40 40 37 28 37 
39 5 23 8 2 40 39 40 31 9 3 0 22 40 
26 5 0 3 23 12 21 15 19 16 40 12 40 
5 5 40 39 40 11 40 40 40 40 15 40 
26 38 40 22 5 32 6 14 29 37 6 
21 20 29 35 4 19 37 39 3 14 
1 25 11 33 40 13 29 38 19 
2 18 21 40 16 7 40 30 
0 38 8 31 37 2 25 
40 15 40 40 12 34 
40 6 28 40 28 
40 13 5 40 
27 5 6 
24 9 
10 

25 20 27 10 27 21 8 24 8 33 31 3 34 17 35 1 38 19 2 22 14 38 9 26 6 7 9 2 4 24 34 29 36 31 0 17 27 31 38 
25 33 8 11 30 5 35 5 10 17 0 12 34 4 39 29 20 20 22 7 4 28 26 32 8 29 31 0 4 27 18 33 36 31 13 29 4 35 
24 19 9 27 38 14 13 24 17 3 17 12 20 15 28 10 34 6 2 26 20 11 17 20 37 3 3 25 39 14 39 7 5 18 30 29 5 
1 39 29 38 24 18 19 7 13 18 40 21 25 30 27 1 8 26 0 14 39 31 23 13 19 38 18 5 39 34 2 24 21 12 17 26 
7 5 28 17 30 40 8 35 33 38 17 7 40 16 23 1 33 40 17 18 33 27 25 5 9 38 36 13 18 25 4 4 8 31 0 
15 8 38 15 12 7 34 36 0 39 33 4 27 12 39 24 8 36 40 7 26 1 37 21 6 27 29 35 10 26 9 6 4 11 
1 38 40 31 21 34 33 20 5 28 19 31 14 10 38 19 24 12 14 24 23 1 19 14 11 30 7 38 40 39 13 5 24 
38 25 20 1 11 23 38 14 30 12 37 32 26 27 14 27 22 15 15 0 9 34 12 12 29 13 23 2 22 19 5 23 
25 35 29 21 4 33 30 33 3 29 39 20 18 26 20 14 13 15 7 8 39 16 11 29 4 11 31 27 14 25 34 
16 6 0 30 23 20 14 35 24 13 24 25 29 38 1 10 29 22 7 1 15 40 31 9 35 33 17 30 9 18 
2 6 31 34 29 25 8 7 19 36 23 23 20 12 33 2 21 38 35 18 19 13 2 24 24 1 21 23 13 
31 26 20 5 35 24 26 7 22 11 8 18 31 37 24 3 27 30 22 32 24 16 0 5 4 35 28 38 
39 28 39 9 34 21 13 19 0 33 33 0 40 11 17 21 23 22 18 10 15 29 4 1 31 10 18 
14 34 25 19 9 0 12 17 25 37 34 8 37 28 10 25 35 0 36 35 40 36 2 26 20 33 
10 6 1 31 8 8 28 21 12 9 14 40 36 36 24 2 32 6 11 10 27 33 31 7 33 
1 16 22 23 36 25 22 12 15 33 39 6 11 2 20 19 25 40 13 37 38 36 24 10 
3 3 37 30 20 39 31 29 24 36 10 15 19 0 23 13 38 17 26 11 21 0 14 
2 4 37 36 33 15 10 29 15 16 33 39 24 6 31 12 25 9 38 2 8 22 
40 11 20 7 27 28 38 15 38 3 10 24 34 25 11 38 6 4 19 21 14 
4 7 30 38 17 25 7 4 29 8 3 38 18 37 28 34 36 18 6 38 
10 6 3 39 36 34 20 30 24 28 7 27 38 39 40 6 25 15 25 
15 12 28 29 30 30 29 19 36 29 16 21 16 0 24 4 0 21 
27 3 30 40 40 40 40 40 40 35 40 40 40 40 40 40 40 
4 25 40 40 40 40 40 40 40 40 40 40 40 40 40 40 
40 40 40 40 40 40 40 40 40 40 40 40 40 40 40 
40 40 40 40 40 40 40 40 40 40 40 40 40 40 
40 40 40 40 3 40 40 40 40 40 40 40 40 
40 40 40 40 40 40 40 40 40 40 40 40 
40 40 40 40 24 40 40 40 40 40 40 
40 40 36 40 40 40 40 40 40 40 
40 40 40 40 40 40 40 40 40 
40 40 40 19 40 40 40 40 
40 40 40 40 40 40 40 
40 40 40 40 40 40 
23 40 40 40 40 
40 40 40 40 
40 40 40 
40 40 
40 

