50 50
50 50 50 50 50 50 50 50 22 15 37 50 50 50 50 50 50 50 50 50 50 50 50 50 50 50 50 25 27 43 42 50 50 50 30 50 50 50 50 40 48 41 50 50 50 50 50 50 46 
50 10 50 50 50 50 50 50 50 47 50 50 50 50 50 50 44 1 50 50 50 50 50 50 35 50 50 14 19 34 50 50 23 50 50 50 50 50 50 50 20 18 27 25 44 50 50 50 
50 13 50 50 50 50 50 50 10 50 50 50 50 50 50 39 27 50 50 41 50 50 50 50 50 50 50 14 50 50 15 39 50 50 48 50 50 50 50 50 50 50 50 29 50 50 50 
4 18 50 29 50 7 50 32 41 50 50 17 7 50 48 10 50 50 50 50 50 50 50 50 50 50 50 50 50 50 34 1 24 27 26 50 50 50 50 50 50 20 15 21 50 50 
50 12 50 50 50 50 50 50 50 50 50 50 50 50 50 50 50 7 32 50 50 50 50 50 50 49 50 50 0 24 50 7 50 50 50 5 47 46 50 50 24 50 50 25 50 
50 13 45 50 50 30 50 50 50 50 50 50 20 11 50 50 50 50 50 50 50 50 50 37 50 50 50 36 50 50 50 35 34 50 50 2 50 50 50 25 35 50 50 50 
50 37 50 50 50 50 2 50 50 14 50 50 50 49 26 50 50 21 50 12 50 50 45 50 26 50 12 17 12 50 50 39 37 50 50 50 50 50 50 50 7 31 50 
50 39 16 31 50 4 50 50 5 50 50 50 47 1 0 50 50 11 50 33 50 50 44 50 50 37 23 50 50 50 50 50 50 21 36 50 50 50 50 50 50 50 
5 50 50 10 50 4 50 2 50 50 50 50 50 44 50 50 50 50 50 50 50 3 50 50 50 50 35 50 50 50 19 50 50 50 21 12 50 50 50 50 50 
50 50 50 50 8 50 50 50 50 50 50 50 34 50 30 34 50 5 13 50 50 12 24 50 4 50 50 50 50 31 50 50 50 16 1 50 47 50 46 37 
43 5 50 16 17 27 50 50 50 50 50 50 19 49 50 50 50 50 50 50 50 50 50 50 50 50 50 50 50 50 16 50 50 50 50 10 0 50 50 
50 50 50 50 50 50 50 50 34 50 50 50 50 20 50 50 50 50 50 50 37 50 50 50 39 50 50 50 50 35 50 32 50 17 38 50 50 11 
50 50 50 40 49 50 50 36 50 50 14 50 26 50 39 50 50 50 50 5 32 43 50 40 50 39 50 50 50 50 50 50 41 50 50 50 2 
50 50 50 50 50 50 50 15 50 23 50 50 50 50 3 50 50 1 50 50 50 50 13 50 50 17 50 50 7 8 50 50 50 13 50 46 
50 50 50 50 50 18 50 50 50 20 50 50 38 50 50 45 50 31 32 50 49 40 50 50 50 26 50 50 50 50 50 50 50 17 50 
50 50 50 50 50 50 50 50 50 50 26 6 50 50 50 50 50 11 50 50 26 50 50 50 50 50 32 29 13 50 50 50 32 37 
50 50 10 7 50 44 50 50 5 50 48 0 50 50 50 31 50 50 50 50 50 50 27 50 50 49 50 50 50 6 50 50 50 
50 50 1 50 50 23 50 50 10 50 6 50 44 50 44 39 50 50 50 50 34 50 50 19 2 5 50 50 50 50 50 50 
50 50 21 50 50 50 50 50 50 50 50 50 50 50 26 50 50 50 30 50 50 50 50 34 50 11 50 50 22 21 50 
4 50 45 46 50 28 50 50 50 50 50 34 50 50 50 50 16 50 50 26 50 49 29 50 50 50 50 50 50 50 
50 50 50 50 50 50 50 50 50 50 50 50 50 50 50 50 50 50 50 50 50 50 50 50 50 50 50 50 50 
50 50 50 50 50 50 37 50 50 50 50 50 50 32 50 50 50 50 50 50 50 50 50 50 50 50 50 50 
50 50 50 50 50 36 50 50 50 50 50 50 50 50 50 50 50 50 50 50 50 50 50 50 50 50 50 
50 50 50 50 50 50 50 50 50 50 50 50 50 50 50 50 50 50 50 50 50 50 50 50 50 50 
50 50 50 50 50 50 50 50 50 50 50 50 18 50 50 50 50 50 50 50 50 50 50 50 50 
50 50 50 50 50 50 50 50 50 50 50 50 50 50 50 50 50 50 50 50 50 50 50 50 
50 50 50 50 50 50 50 50 50 50 50 50 50 50 50 50 50 50 50 50 50 50 50 
50 50 50 50 50 50 50 50 50 50 50 49 50 50 50 50 50 50 50 50 50 50 
50 50 50 50 50 50 50 50 50 50 50 50 50 50 50 50 50 50 50 50 50 
38 50 50 50 50 50 50 50 50 50 50 50 50 50 50 50 50 50 50 50 
30 50 50 50 50 50 50 50 50 50 50 50 50 50 50 50 50 50 50 
50 50 50 50 50 50 50 50 50 50 50 50 50 50 50 50 50 50 
50 50 50 50 50 50 50 50 50 50 50 47 50 50 50 50 50 
50 50 33 50 50 50 50 50 50 50 50 50 50 50 50 50 
50 50 50 50 50 50 50 50 50 50 50 31 50 50 50 
50 50 50 50 50 50 50 50 50 50 50 50 50 50 
50 50 50 50 50 50 50 50 50 50 50 50 50 
50 50 50 50 50 50 50 50 50 50 50 50 
50 50 50 50 50 50 4 50 50 50 50 
50 50 50 50 50 50 50 50 50 50 
50 50 50 32 50 50 50 50 50 
50 50 50 50 50 50 50 50 
50 50 50 50 50 50 50 
50 50 50 38 50 50 
50 50 50 50 50 
50 50 50 50 
50 50 50 
50 50 
50 

50 50 50 50 50 50 44 50 50 15 43 50 24 50 50 39 33 50 50 50 30 50 50 50 50 13 42 17 50 28 50 50 49 50 50 50 50 48 50 50 50 34 50 50 50 50 50 11 50 
50 50 45 50 50 36 50 50 50 27 50 50 50 50 50 50 50 48 50 50 50 33 50 50 50 50 50 9 50 10 50 50 4 50 24 28 50 50 50 50 50 14 50 50 50 50 5 50 
50 50 11 50 50 50 47 14 50 50 50 50 50 50 49 50 31 50 34 43 50 50 50 50 50 50 50 50 50 50 45 42 50 50 6 50 50 45 50 50 50 50 50 9 50 46 17 
50 50 50 50 50 50 50 28 23 50 50 50 23 50 7 27 40 50 50 31 1 50 50 43 13 50 42 50 50 50 50 43 50 50 50 50 23 50 21 50 38 20 22 9 50 50 
23 50 50 44 15 26 50 50 9 50 50 45 50 34 50 43 50 50 22 50 50 23 46 50 50 29 50 50 50 50 50 50 50 50 50 50 50 50 50 27 50 50 50 39 50 
50 28 38 49 50 50 30 50 12 36 50 32 50 50 50 19 27 50 22 50 50 50 50 31 13 50 50 50 11 50 50 50 50 46 50 50 6 50 50 50 41 50 40 40 
50 50 44 50 50 50 50 50 41 50 50 50 50 50 50 50 35 50 50 28 18 50 50 50 50 44 50 3 1 50 50 20 50 9 50 50 27 50 10 2 50 50 50 
50 39 21 50 50 50 50 50 50 50 3 50 44 37 50 43 50 50 50 50 50 47 50 50 50 50 50 50 13 50 19 50 50 24 50 19 50 28 41 42 38 50 
50 50 50 28 50 50 50 50 50 0 50 17 50 50 50 18 26 50 50 8 50 23 50 50 50 50 50 50 10 50 34 50 49 50 39 50 12 50 50 50 50 
50 50 50 50 50 30 27 50 50 50 5 13 50 41 0 50 50 50 50 50 50 48 41 50 50 50 50 0 30 37 50 50 50 16 11 50 50 50 50 50 
49 17 50 50 50 50 50 4 4 50 50 50 50 11 50 50 44 50 50 46 4 10 20 50 22 50 50 50 50 50 4 50 29 50 9 50 50 41 50 
50 50 50 50 50 50 48 19 50 50 6 50 50 50 28 50 50 50 50 50 50 50 50 46 50 50 26 19 50 50 50 50 50 50 42 50 21 50 
30 30 50 50 50 50 25 2 50 50 3 23 50 50 50 19 50 49 50 3 50 50 50 50 50 50 50 50 50 50 42 25 0 50 33 40 39 
15 47 50 40 43 50 37 50 50 50 50 50 23 47 1 50 0 48 50 50 50 32 50 12 50 50 50 6 50 50 50 31 50 50 15 50 
50 50 8 50 50 3 0 41 42 50 50 22 30 50 50 50 50 50 20 11 16 33 44 34 40 35 50 3 50 50 15 43 10 50 50 
50 38 50 50 50 50 50 13 50 48 12 50 19 50 50 50 41 9 50 50 50 50 50 50 50 39 50 50 50 50 50 50 50 50 
50 50 50 50 50 50 50 50 50 50 50 50 50 50 50 50 50 50 50 50 50 50 50 50 50 50 46 50 50 50 50 50 50 
50 50 50 50 50 50 50 50 50 50 50 50 50 50 50 50 50 50 50 45 50 50 50 50 50 50 50 50 50 50 50 50 
50 50 50 50 50 50 50 50 50 50 50 50 50 50 50 50 50 50 50 50 50 50 50 50 50 50 50 28 50 50 50 
50 50 50 50 50 50 50 50 50 27 50 50 50 50 50 50 50 50 27 50 50 50 50 50 50 50 50 50 50 50 
50 50 50 50 50 50 50 50 50 50 50 50 50 50 50 22 50 50 50 50 50 50 50 50 50 50 50 50 50 
2 50 1 50 50 50 50 50 50 50 50 50 50 50 50 50 50 50 50 50 50 50 50 50 50 50 50 50 
50 50 50 50 50 50 50 50 50 50 50 50 50 50 50 50 50 50 50 50 50 50 50 50 50 50 50 
50 50 50 49 4 50 50 50 50 50 50 50 50 50 50 50 50 50 50 50 50 50 50 50 50 50 
50 50 50 50 50 50 50 50 50 50 50 50 50 50 50 50 25 50 50 50 50 50 50 50 50 
50 50 50 50 50 50 50 50 50 50 50 50 50 50 50 50 50 50 50 50 50 12 50 50 
50 50 50 50 50 50 50 50 50 50 50 50 50 50 50 50 50 50 50 50 50 50 50 
50 50 50 50 50 50 50 50 50 50 50 10 50 50 50 50 50 50 50 50 50 50 
50 50 50 50 50 50 50 50 50 50 50 50 50 50 50 50 50 50 50 50 50 
50 50 31 50 50 50 50 50 50 50 50 50 50 50 50 50 50 50 50 50 
50 50 50 50 50 50 50 50 50 24 50 50 50 50 50 50 50 50 50 
50 50 50 50 50 50 50 50 50 50 50 50 50 50 29 50 50 50 
50 50 50 50 50 50 50 50 50 50 50 50 50 50 50 50 50 
50 50 50 50 50 50 50 50 50 50 50 50 50 32 50 1 
50 50 50 50 50 50 50 50 50 50 50 50 50 50 50 
50 50 50 50 50 50 50 50 50 50 50 50 50 50 
50 50 50 50 50 18 50 50 50 50 50 50 50 
50 50 50 50 50 50 50 50 50 50 50 50 
50 50 50 50 50 50 50 50 50 50 50 
50 50 50 50 50 50 50 50 50 50 
50 50 50 50 50 50 50 50 50 
50 50 50 50 50 50 50 50 
50 50 50 50 50 50 50 
50 50 50 50 50 50 
50 50 48 50 50 
50 50 50 50 
50 50 50 
50 50 
50 

45 36 48 21 50 9 36 9 44 6 34 0 38 4 7 13 50 41 5 15 1 30 13 50 9 50 16 38 50 7 34 30 18 50 50 46 35 43 50 37 25 40 35 13 27 36 41 8 31 
36 49 4 49 18 50 13 42 45 18 14 43 39 39 2 6 47 32 7 21 50 39 42 50 26 20 50 50 17 41 19 50 40 16 30 39 5 3 17 16 11 43 50 16 41 12 15 14 
1 25 34 20 4 17 33 12 48 41 31 34 35 42 38 43 25 33 18 0 21 22 14 26 29 6 50 50 28 33 25 10 45 50 44 8 38 2 17 7 19 24 50 2 40 50 36 
29 32 43 45 49 18 50 50 14 50 42 46 24 16 40 38 12 50 21 12 27 21 23 17 49 24 50 4 5 44 50 0 6 22 33 30 12 19 19 24 20 40 30 5 38 29 
50 50 23 50 50 39 6 6 24 42 24 34 36 4 43 39 33 6 49 30 34 31 30 31 46 50 21 45 32 44 39 5 22 9 49 26 1 24 10 2 50 19 5 4 6 
50 3 9 50 50 50 50 50 50 50 50 50 50 50 50 50 16 50 50 50 50 50 50 50 50 50 50 50 50 50 50 50 50 50 50 50 50 50 50 50 50 50 50 50 
50 50 50 50 50 50 50 50 50 50 50 50 50 50 50 50 50 50 50 50 50 50 50 50 50 50 50 50 38 50 50 50 50 50 50 10 50 50 50 50 50 50 50 
50 50 50 50 27 50 50 50 50 50 50 50 50 50 50 50 50 50 50 50 50 50 0 50 50 50 50 50 50 50 50 50 50 50 50 50 50 50 50 50 50 50 
50 50 25 50 50 50 50 50 50 50 50 50 50 50 50 50 50 50 50 50 50 50 50 39 50 50 50 50 50 50 50 50 50 50 50 50 50 50 47 50 50 
50 50 50 50 50 50 50 50 50 50 50 50 9 50 50 50 50 50 50 50 50 50 50 50 50 50 50 15 50 50 50 50 50 50 50 50 50 50 50 50 
50 50 50 50 50 50 50 50 6 50 50 50 50 50 50 50 50 50 50 50 50 50 50 50 50 50 50 50 50 50 50 50 50 50 50 50 50 50 50 
50 50 50 50 50 50 50 50 50 50 50 50 50 50 50 50 50 50 50 50 50 50 50 50 50 50 50 50 50 50 50 50 50 50 50 50 50 50 
50 50 50 50 50 50 50 50 50 50 50 50 50 50 50 50 50 50 50 50 50 50 50 50 50 50 50 50 50 50 50 50 31 50 50 50 47 
50 50 50 50 6 50 50 44 50 50 50 50 21 50 50 50 50 50 50 50 50 50 50 50 50 50 50 50 50 50 50 50 50 50 50 50 
50 50 50 50 50 50 50 50 50 50 50 3 50 50 46 50 50 50 50 50 50 50 50 50 50 50 50 50 21 50 50 50 50 50 50 
50 50 50 50 50 50 50 50 50 50 50 50 50 50 50 50 50 50 50 50 5 50 50 50 50 50 50 50 50 50 50 50 50 50 
50 50 25 50 50 50 50 50 50 50 50 50 50 50 50 50 50 50 50 50 50 50 50 50 50 50 50 50 50 50 50 50 50 
50 50 50 50 50 6 50 50 50 50 50 50 50 50 50 50 50 50 50 50 50 50 50 50 50 50 50 50 15 50 50 50 
50 50 50 50 50 50 50 50 50 50 50 50 50 50 50 50 50 50 50 50 50 50 50 46 50 50 50 50 50 50 50 
50 50 50 50 50 50 50 8 50 50 50 50 50 50 50 50 50 50 50 50 50 50 50 50 50 50 50 50 50 50 
50 50 50 50 50 50 50 50 50 50 20 50 50 50 50 50 50 50 50 50 50 31 50 50 50 50 50 50 50 
50 50 50 50 50 50 50 50 50 50 50 50 50 50 50 50 50 50 50 50 50 50 50 50 50 50 50 50 
50 50 50 50 50 50 50 50 50 50 50 50 23 50 50 50 50 50 50 50 50 50 50 50 50 50 50 
50 25 50 50 50 50 50 50 50 50 50 50 50 50 50 50 50 50 50 50 50 50 50 50 50 50 
50 46 50 50 50 50 50 50 50 50 50 50 50 50 50 50 14 50 50 50 50 50 50 50 50 
50 50 50 50 50 50 50 50 50 50 50 50 50 50 50 50 50 50 50 50 50 50 50 50 
50 50 50 50 50 50 50 50 50 50 50 50 50 50 50 50 50 50 50 50 50 50 50 
50 50 50 50 50 50 44 50 50 50 50 50 50 50 50 50 50 50 50 50 50 50 
50 50 21 50 50 50 50 50 50 50 50 25 50 50 50 50 50 50 50 50 50 
50 50 50 50 50 50 6 50 50 50 50 50 50 50 50 50 50 50 50 50 
50 50 50 50 50 50 50 50 50 50 50 50 50 50 50 50 50 50 50 
50 50 50 50 50 50 50 50 50 50 50 50 50 50 50 50 50 50 
50 50 50 50 50 50 50 50 50 50 50 50 50 50 50 50 50 
9 50 50 50 50 50 50 50 50 50 50 50 3 50 50 50 
50 50 50 50 50 50 50 50 50 50 50 50 50 48 50 
50 50 50 50 50 50 50 50 50 50 50 50 50 50 
50 50 50 50 50 50 50 50 50 50 50 50 50 
50 50 50 50 50 50 50 50 50 50 50 50 
50 14 50 50 50 50 50 50 50 50 50 
50 50 50 15 50 50 50 50 50 50 
50 50 50 50 50 50 50 50 50 
50 50 50 50 50 50 50 50 
50 50 50 50 50 50 50 
50 50 50 50 50 50 
50 50 50 50 50 
50 50 50 50 
50 50 50 
50 50 
50 

18 44 9 1 2 3 4 24 13 38 50 50 16 47 46 3 33 38 13 50 3 24 6 10 50 47 50 26 50 50 50 1 49 23 50 24 50 20 25 27 50 44 1 3 43 50 2 19 50 
29 38 7 27 45 19 2 47 42 50 39 50 43 48 44 50 32 2 21 21 41 6 12 41 38 38 49 46 50 50 37 2 31 16 50 2 8 28 50 28 35 18 11 50 35 25 30 16 
22 3 9 50 20 49 7 23 32 7 50 17 41 43 21 25 40 46 35 50 4 5 27 30 24 24 50 9 46 30 16 24 6 31 47 22 40 32 46 25 19 36 23 5 26 6 9 
38 35 50 44 36 44 11 15 10 23 25 19 50 16 36 11 8 1 50 50 38 50 40 42 43 21 39 48 50 22 31 36 39 32 15 17 50 35 41 26 2 1 0 32 35 3 
50 5 36 17 41 4 31 50 42 15 7 50 24 44 24 21 50 47 0 30 33 9 4 42 25 13 50 27 12 42 28 48 12 35 46 22 31 12 19 30 18 35 3 2 50 
32 32 43 18 24 29 44 33 34 29 35 50 1 38 22 50 50 50 50 50 50 50 50 50 50 50 50 50 50 50 50 50 50 50 50 50 50 50 50 50 50 50 50 50 
50 24 50 50 50 50 50 50 50 50 50 50 50 50 50 50 50 50 50 50 50 50 45 50 50 50 50 50 50 50 50 50 50 50 50 50 50 50 50 50 50 50 50 
50 50 27 50 50 50 50 50 50 50 50 50 50 50 50 50 50 50 50 50 50 50 50 50 12 50 50 50 50 50 50 50 50 50 50 50 50 50 50 50 50 50 
50 50 50 48 50 50 50 50 50 50 50 50 50 50 50 50 50 50 50 50 50 50 50 50 50 50 50 50 50 50 50 50 50 50 50 50 50 50 50 50 50 
50 50 50 50 50 50 50 50 50 50 50 50 50 50 50 50 50 50 50 50 50 50 50 50 50 50 50 50 50 50 50 50 50 50 50 50 50 50 50 50 
50 50 50 50 50 50 50 50 50 50 50 50 50 50 50 50 50 50 50 50 50 50 50 50 50 50 50 33 50 50 50 50 50 50 50 50 50 50 50 
50 50 50 50 50 50 50 50 50 50 50 50 50 50 1 50 50 50 50 50 50 50 50 50 50 50 50 50 50 50 50 50 50 50 50 9 50 50 
50 50 50 50 50 50 50 50 50 50 50 50 50 50 50 50 50 50 50 50 50 50 50 50 50 50 50 50 50 50 50 50 50 50 50 50 50 
50 50 50 50 50 50 50 50 50 50 50 50 50 50 50 50 50 50 50 50 50 50 50 50 50 50 6 50 50 50 50 50 50 26 50 50 
50 50 50 50 50 50 50 50 50 50 50 50 50 50 50 50 50 50 50 50 50 50 50 50 50 50 50 50 50 50 50 50 50 50 50 
50 50 50 50 50 50 50 50 50 50 50 50 50 50 50 50 50 50 50 50 50 50 50 50 50 50 50 50 50 50 50 50 50 50 
50 50 50 50 50 31 50 50 50 50 50 50 50 50 50 50 50 50 50 50 50 50 50 50 6 50 50 50 50 50 50 50 50 
50 50 50 50 50 50 50 50 50 50 50 50 50 50 50 50 50 50 50 50 50 50 50 50 50 2 50 50 50 50 50 50 
50 50 50 50 50 50 50 50 50 50 50 50 50 50 50 50 50 50 50 50 0 50 50 50 50 50 50 50 50 50 50 
50 50 50 50 50 50 50 50 50 50 50 50 50 50 50 50 50 50 50 50 50 50 50 50 50 9 50 50 50 50 
13 50 50 50 50 50 50 24 50 50 50 50 50 50 50 50 50 50 50 50 50 50 50 50 50 50 50 50 50 
50 50 50 50 50 50 50 50 50 50 50 50 50 50 50 50 50 50 50 50 50 50 50 50 6 50 50 50 
50 50 50 50 50 50 50 50 50 50 50 50 50 50 43 50 50 50 50 50 50 50 50 50 50 44 50 
50 50 50 50 50 50 50 50 9 50 50 50 50 50 50 50 50 50 50 50 50 50 50 50 50 50 
50 50 50 50 50 50 50 50 50 50 50 50 50 50 50 50 50 50 50 50 50 50 50 44 50 
50 50 50 50 50 50 50 50 50 50 32 50 50 50 50 50 50 50 50 50 50 50 50 9 
50 50 50 50 50 50 50 50 50 50 50 50 50 50 50 50 50 50 50 50 50 50 50 
50 50 38 50 50 50 50 50 50 50 50 50 50 50 50 50 50 50 50 50 50 50 
50 50 50 2 50 50 50 50 50 50 50 50 50 50 50 50 50 50 50 50 50 
50 50 50 50 50 32 50 50 50 50 50 50 50 50 50 50 50 50 50 50 
50 50 50 50 50 50 50 50 50 50 50 50 50 50 50 50 50 50 50 
46 50 50 50 50 50 50 50 50 50 50 50 50 50 50 50 50 50 
50 50 50 50 50 50 50 50 50 50 50 50 50 50 50 50 50 
50 50 50 50 50 50 50 50 50 19 50 50 50 50 50 50 
50 50 50 50 50 50 50 50 50 50 50 32 50 50 50 
50 50 50 0 50 50 50 50 50 50 50 50 50 50 
50 50 50 50 50 29 50 50 50 50 50 50 50 
50 50 50 50 50 50 50 50 50 50 50 50 
50 50 50 50 50 50 50 50 50 50 50 
50 50 50 50 50 50 50 50 50 50 
50 50 50 50 50 35 50 50 50 
50 50 50 18 50 50 50 50 
50 50 50 50 50 50 50 
50 50 50 50 50 50 
50 50 50 50 50 
50 50 50 50 
50 50 50 
50 50 
50 

50 50 50 49 50 43 21 50 50 8 50 45 50 50 50 50 50 50 50 50 8 50 50 26 50 50 50 50 50 50 39 42 50 50 50 50 50 50 50 50 50 50 50 50 10 50 37 9 50 
50 50 21 49 50 49 50 50 50 6 50 30 50 50 50 19 50 50 50 50 50 34 50 50 38 50 50 50 50 50 50 50 39 50 50 50 50 50 50 50 50 29 50 50 50 50 37 50 
33 50 50 50 50 50 50 50 50 35 50 50 0 50 50 50 50 50 50 50 50 50 29 50 30 30 50 50 50 50 50 39 37 50 50 50 50 31 50 50 50 50 50 50 50 50 50 
0 45 50 50 50 50 50 50 50 15 50 50 50 50 50 50 50 50 50 50 50 50 33 50 50 50 50 50 0 50 50 50 50 50 50 50 50 5 50 50 50 50 50 50 50 50 
50 50 50 50 50 21 50 50 50 41 44 50 15 12 50 50 18 50 50 50 30 50 47 50 50 50 50 50 50 50 50 6 50 50 50 50 0 50 50 50 50 50 50 50 50 
50 50 25 50 50 50 50 50 50 50 50 50 50 50 5 50 50 50 46 13 50 50 50 50 50 50 50 50 50 50 50 50 50 50 50 42 50 50 50 50 50 50 50 50 
50 50 19 50 50 33 50 0 50 50 50 50 50 50 50 50 50 50 50 50 50 46 50 50 50 6 50 50 50 45 50 50 3 50 50 40 44 50 50 50 50 24 50 
50 50 50 40 40 11 50 50 14 50 32 44 50 50 50 50 50 50 50 50 50 50 50 50 50 39 50 50 50 50 50 50 7 49 50 40 50 50 23 50 40 0 
50 22 47 50 50 50 50 50 50 50 45 50 50 12 50 50 50 50 50 50 50 50 50 50 50 50 50 50 50 50 50 13 50 50 50 50 12 50 50 50 50 
50 50 50 50 4 13 50 50 50 50 50 50 50 50 43 43 23 50 50 50 50 50 50 2 50 50 50 50 50 50 29 1 50 50 50 6 50 50 50 29 
7 50 50 50 50 50 19 50 42 50 50 50 48 50 50 50 50 16 50 50 31 21 50 4 50 24 50 50 50 50 50 12 50 50 50 31 50 50 50 
50 50 50 50 13 50 19 50 50 35 50 50 48 50 50 50 18 50 50 50 50 50 50 50 50 50 50 18 50 50 50 35 50 50 50 50 50 50 
50 50 50 50 50 22 33 35 50 50 50 50 33 50 50 26 50 50 50 2 5 50 50 8 31 50 50 50 50 50 50 50 50 34 12 50 50 
50 50 5 41 50 50 50 29 50 50 50 50 39 50 50 50 50 24 50 50 50 50 50 50 50 50 50 50 3 50 50 50 27 50 50 50 
50 50 43 28 31 50 50 50 50 50 50 50 37 50 28 50 0 50 50 22 50 50 50 50 50 50 50 50 50 38 50 50 50 50 50 
50 50 50 50 50 1 16 2 50 49 26 50 42 50 50 50 50 50 50 18 32 50 50 50 22 50 11 50 50 50 11 26 50 33 
50 50 13 23 50 50 4 50 50 22 50 50 35 50 50 35 48 13 39 25 50 0 50 18 50 50 50 13 50 50 50 50 50 
50 50 50 50 19 50 50 50 50 50 50 50 50 50 50 50 40 50 50 36 49 50 50 50 23 50 50 31 50 47 50 9 
50 46 50 50 19 50 8 50 43 27 50 50 50 50 50 50 50 50 50 50 50 50 50 42 50 50 50 50 38 50 50 
1 50 50 50 50 50 50 37 50 47 50 50 50 50 50 22 50 50 15 50 50 38 50 8 50 50 50 38 50 50 
50 46 50 29 50 0 50 50 50 50 50 50 48 21 50 50 50 13 50 50 50 50 50 50 50 38 50 7 50 
31 25 50 50 50 36 4 31 50 50 22 50 38 50 50 5 50 50 50 43 50 50 50 37 50 50 50 50 
50 50 48 50 50 50 50 14 50 27 50 50 50 39 49 50 50 50 50 50 50 34 50 50 39 50 50 
40 50 50 50 50 50 50 50 21 50 50 11 50 50 50 7 50 50 50 50 50 23 1 50 50 50 
50 8 50 50 4 50 0 13 41 50 50 50 50 50 50 50 47 50 50 50 44 50 50 50 50 
50 50 50 50 50 27 50 26 41 50 50 50 50 34 50 34 50 50 50 50 50 27 50 50 
50 50 50 50 50 50 0 50 23 50 12 50 50 50 50 50 50 50 50 50 50 50 50 
50 50 50 50 38 50 50 50 50 50 50 50 50 50 50 50 50 50 50 50 50 50 
50 50 50 50 50 50 50 50 50 50 50 50 50 5 50 50 50 50 50 50 50 
50 50 50 50 50 50 50 50 50 50 50 50 50 50 50 50 50 50 50 50 
50 50 50 50 50 50 50 50 50 50 50 19 50 50 50 50 50 50 50 
50 50 50 50 50 50 14 50 50 50 50 50 50 50 50 50 50 50 
50 50 50 50 50 50 50 50 50 50 50 50 50 50 50 50 50 
50 50 50 50 18 50 50 50 50 50 50 50 50 50 50 50 
50 50 50 50 8 50 50 50 7 50 50 50 50 50 50 
50 50 50 50 50 50 50 50 50 50 50 50 50 50 
50 2 50 50 50 50 50 50 50 50 50 50 50 
50 50 50 50 50 50 50 50 50 50 50 50 
50 50 50 50 50 50 50 50 50 50 50 
50 50 50 50 50 50 50 50 50 50 
50 50 50 50 50 50 50 50 50 
50 48 50 50 50 50 50 50 
50 50 50 50 13 22 50 
50 50 50 50 50 15 
50 50 28 50 50 
50 50 50 50 
50 50 50 
50 50 
50 

42 50 35 50 50 50 50 50 50 50 39 50 1 41 50 15 50 50 50 50 25 50 50 50 50 50 50 50 50 50 50 50 50 50 13 50 50 50 46 3 50 50 50 50 50 50 50 50 50 
50 2 0 50 50 50 11 50 50 20 50 21 50 42 50 50 50 47 50 37 50 50 50 50 50 50 50 50 50 2 50 50 50 50 50 50 50 50 9 50 28 50 50 50 50 34 50 20 
38 22 43 50 7 50 50 50 50 50 50 50 50 50 50 50 50 50 50 50 27 50 50 50 50 50 50 50 20 50 50 50 31 50 50 50 50 50 25 16 24 50 50 1 17 24 34 
50 15 36 47 50 50 50 50 20 50 50 50 50 50 50 50 50 42 50 50 50 50 50 50 50 50 26 27 8 34 50 49 50 50 50 50 2 50 15 50 50 50 50 50 50 43 
50 50 41 50 50 50 50 50 50 50 7 35 50 50 50 50 25 50 50 15 50 50 11 50 50 50 6 11 50 10 50 50 27 50 26 50 50 29 35 50 25 50 29 50 50 
50 50 0 50 50 50 50 50 50 50 50 50 50 50 50 50 50 50 34 50 50 50 50 48 50 50 50 2 50 50 50 50 50 50 50 13 50 50 20 50 50 50 50 50 
22 50 50 50 50 50 36 50 50 50 50 50 50 50 50 50 50 50 50 6 50 50 50 50 50 49 50 50 50 50 9 50 50 50 50 21 50 50 50 35 50 31 50 
50 50 17 50 50 50 35 50 50 31 44 37 50 50 50 44 42 50 40 50 50 50 50 22 1 50 50 50 50 50 50 50 50 50 1 50 50 50 50 50 50 50 
50 50 50 50 12 50 50 50 43 50 50 50 50 50 50 50 50 50 50 50 3 50 50 21 49 50 50 50 50 50 11 35 50 50 50 50 50 50 50 50 50 
50 16 16 50 11 50 50 48 23 50 50 50 50 8 50 50 50 50 50 50 50 50 50 50 50 50 50 50 50 50 50 14 50 50 50 31 50 28 50 32 
50 31 50 50 35 50 50 50 38 50 50 50 50 50 50 50 28 50 50 50 50 50 50 50 50 50 50 50 50 50 50 50 26 50 23 50 50 50 50 
50 50 50 50 5 50 50 50 50 50 43 50 50 50 2 50 50 29 50 50 50 39 50 50 50 0 50 30 50 18 50 50 50 50 50 50 50 9 
50 50 30 19 50 50 50 22 50 50 50 50 50 50 50 50 20 50 50 50 33 50 50 50 50 50 50 50 50 50 6 50 50 50 6 50 50 
50 50 50 50 50 50 50 50 50 50 50 50 19 34 50 50 50 50 7 50 50 39 50 50 50 50 50 44 50 43 50 50 50 50 50 50 
50 50 50 50 50 50 10 50 32 50 50 50 50 28 50 50 50 48 46 50 50 50 50 50 50 50 50 50 50 50 34 50 24 50 50 
50 5 50 50 50 50 50 50 50 50 50 50 50 50 50 3 50 9 50 24 50 50 50 37 50 50 50 50 50 50 50 50 21 50 
50 50 50 50 8 50 50 50 50 41 50 50 50 50 50 50 50 50 50 50 50 50 50 50 31 44 50 50 50 50 50 50 50 
50 50 50 50 50 50 50 50 50 50 50 50 50 21 50 50 6 50 50 14 50 50 50 50 50 38 50 50 50 17 38 22 
50 50 50 50 50 10 50 50 50 50 50 50 50 50 32 50 50 50 50 50 15 50 50 50 50 50 50 50 43 50 50 
50 50 50 50 50 44 50 50 50 50 50 0 50 50 50 50 50 50 50 50 50 25 50 50 50 19 50 50 26 45 
33 50 8 50 50 50 50 50 30 46 50 50 50 50 46 50 50 50 50 50 50 50 50 50 50 50 50 50 50 
50 50 50 50 32 50 50 50 33 50 50 50 50 32 50 17 50 50 50 50 20 27 1 50 50 50 50 50 
50 50 50 47 50 50 50 50 50 50 50 50 50 50 31 50 0 50 50 50 33 50 50 50 50 50 50 
27 50 50 50 50 50 50 50 50 42 50 50 30 50 50 50 50 50 50 50 50 50 46 50 50 30 
50 50 50 50 50 50 50 4 50 50 50 50 50 28 50 50 50 50 50 50 50 50 44 50 50 
50 50 50 50 39 11 50 50 50 2 50 50 23 50 50 50 50 50 50 50 50 50 50 50 
50 50 50 50 50 50 5 50 50 50 50 50 50 50 50 50 50 36 50 50 50 50 50 
1 50 50 50 50 50 50 50 50 18 50 50 50 50 50 50 50 34 50 50 1 15 
50 50 50 23 50 50 50 50 50 10 50 50 50 18 29 50 50 50 50 50 50 
50 50 50 50 50 50 50 50 50 50 50 50 50 50 47 7 29 41 50 50 
50 50 50 50 50 50 50 50 50 17 15 50 50 50 50 50 16 50 50 
50 50 43 50 44 50 17 50 50 50 50 50 50 50 50 4 15 25 
50 50 50 50 50 50 50 50 23 50 12 50 50 50 50 44 50 
50 50 50 50 50 50 50 50 50 50 50 16 0 50 50 50 
50 50 33 50 50 50 50 5 50 50 50 50 50 34 50 
50 50 50 50 42 50 50 16 50 50 50 50 50 50 
50 36 50 50 50 50 50 50 50 50 50 50 4 
50 50 50 50 50 16 50 50 50 49 40 50 
50 50 50 50 50 5 5 50 50 50 50 
50 50 50 50 50 50 50 50 50 2 
50 50 50 50 41 50 50 50 50 
23 50 50 50 50 50 12 50 
50 50 50 50 50 47 50 
1 50 1 50 50 50 
50 50 50 50 50 
50 50 50 50 
50 50 50 
50 50 
50 

10 48 12 6 50 17 50 39 49 29 27 39 50 14 50 10 18 50 50 50 40 50 22 50 22 47 26 25 24 18 50 40 46 50 49 50 12 50 50 2 35 17 50 8 38 50 50 18 15 
50 7 49 50 10 43 1 24 7 50 6 15 11 17 18 13 3 26 30 50 43 12 50 50 23 0 50 16 50 5 50 50 0 34 5 11 0 21 27 1 10 50 41 26 44 36 50 31 
50 7 37 50 50 43 50 50 7 39 50 5 50 10 40 2 23 28 49 44 50 50 3 42 50 16 13 50 10 1 35 50 9 50 45 2 3 16 41 50 50 34 50 4 50 19 9 
10 50 50 50 42 14 24 2 26 50 42 50 38 35 22 21 49 50 3 28 37 34 50 17 38 50 50 34 5 22 5 16 22 44 48 50 10 9 43 50 13 35 17 44 50 50 
29 36 1 34 36 14 50 29 50 7 50 31 3 34 50 28 17 50 41 50 50 50 50 50 8 50 33 50 0 46 0 20 12 50 44 9 37 50 16 44 50 26 29 32 50 
50 37 50 27 17 0 40 23 50 16 50 4 39 50 50 3 17 5 26 6 32 50 50 50 3 50 31 50 50 50 50 12 50 21 50 50 21 50 23 50 42 50 50 8 
31 50 32 1 50 29 33 50 2 50 47 8 45 50 33 9 50 14 50 18 6 50 15 10 33 50 39 0 50 41 20 37 50 0 42 50 50 49 40 50 15 44 50 
34 50 50 50 50 50 50 50 50 50 50 50 50 38 50 50 50 50 50 50 50 50 50 50 50 50 50 50 0 50 50 50 50 50 50 50 50 50 50 50 50 50 
50 50 50 50 50 50 50 50 50 50 50 50 50 50 50 50 50 50 50 50 50 50 50 50 50 50 50 50 50 50 50 50 50 50 50 50 50 50 50 50 15 
50 50 50 50 50 50 50 50 50 50 50 31 50 50 50 50 50 50 50 50 50 50 50 50 50 50 50 50 50 50 50 23 50 50 50 50 50 50 50 50 
50 50 50 50 50 50 50 50 50 50 50 50 50 50 50 50 50 50 50 50 38 50 26 50 50 50 50 50 50 50 50 50 50 50 50 50 50 50 50 
50 50 50 50 50 50 50 50 50 50 50 33 50 50 50 50 50 50 50 50 50 50 50 50 50 50 50 50 50 50 50 50 50 50 50 50 50 50 
50 50 50 50 50 50 50 50 50 50 50 50 50 50 50 50 50 50 32 50 50 50 50 50 29 50 50 50 50 50 50 50 50 50 50 50 50 
50 50 50 50 50 50 50 50 50 50 50 50 50 50 50 50 50 50 50 50 13 50 50 50 50 50 50 50 50 50 50 50 50 50 50 50 
50 50 50 50 50 50 50 50 50 50 50 50 50 50 50 50 50 50 50 50 50 50 50 50 50 50 50 50 50 50 50 12 19 50 50 
50 50 50 50 50 50 30 50 50 50 50 50 50 50 50 50 50 50 50 50 50 50 50 50 50 50 50 50 50 50 50 50 50 50 
50 50 50 50 28 50 50 50 50 50 50 25 50 50 50 50 50 50 50 50 50 50 50 50 50 50 50 50 50 50 50 50 50 
50 50 50 50 50 50 50 50 50 50 50 50 50 50 50 8 50 50 50 50 50 50 50 50 50 50 50 50 50 50 50 50 
50 50 50 50 50 50 50 50 50 50 50 50 50 50 50 50 50 50 50 50 50 50 50 50 50 50 50 50 50 50 50 
50 50 50 50 50 50 50 50 50 50 31 50 50 50 50 50 50 50 50 50 50 50 50 50 12 50 50 50 50 50 
50 50 50 50 50 50 50 50 50 50 50 50 46 50 50 50 50 50 50 50 50 50 50 50 50 50 50 50 50 
50 50 50 50 50 50 50 50 50 50 50 50 50 50 50 50 50 50 50 50 50 50 50 50 50 50 50 50 
50 50 50 50 50 50 50 50 50 50 50 50 50 50 50 50 50 50 50 50 9 50 50 50 50 16 50 
50 50 50 50 50 50 50 50 50 50 50 50 50 50 50 50 50 50 50 50 50 3 50 50 50 50 
50 50 50 50 50 50 50 50 50 50 50 50 50 50 50 50 50 50 50 50 50 50 50 50 50 
50 50 50 50 50 50 50 50 50 50 50 50 50 50 41 50 50 50 14 50 50 50 50 50 
50 50 50 50 50 50 50 50 50 50 50 50 50 50 50 50 50 50 50 33 50 50 50 
50 50 50 50 50 50 50 50 50 50 50 50 50 50 50 50 50 50 50 50 50 50 
50 50 50 50 50 50 50 50 50 50 50 50 50 50 50 50 50 50 50 37 50 
50 50 50 50 50 50 50 50 50 50 50 50 50 50 50 50 50 50 50 50 
50 50 50 50 50 50 50 50 50 50 50 12 50 50 50 50 50 50 50 
50 50 50 50 50 50 50 50 50 50 50 50 50 50 50 50 50 50 
7 50 50 50 50 50 50 50 50 50 50 50 11 50 50 50 50 
50 50 50 50 50 50 50 50 50 50 50 50 50 50 50 50 
50 50 50 50 50 35 50 50 50 50 50 50 50 50 50 
50 50 50 50 50 50 50 50 50 50 50 50 50 50 
50 50 50 50 50 50 50 50 41 50 50 50 50 
50 50 50 50 50 50 50 50 50 50 50 50 
50 50 33 50 50 50 50 50 50 50 50 
50 50 50 50 50 50 50 50 50 50 
50 50 50 50 50 50 50 50 50 
50 50 50 50 50 50 50 50 
50 50 50 50 50 50 50 
50 50 50 50 50 50 
50 50 50 50 50 
50 50 50 50 
50 50 50 
50 50 
50 

38 30 40 50 50 50 33 50 38 36 50 38 45 34 50 33 22 36 45 12 16 35 21 48 50 50 37 9 0 4 17 35 41 50 50 26 41 50 3 16 50 23 50 50 50 1 29 50 1 
50 50 25 41 50 50 50 9 36 40 26 50 14 22 50 14 1 21 10 29 17 3 12 50 43 23 39 50 19 50 50 50 40 30 50 26 2 21 50 48 5 50 18 31 31 37 19 50 
50 22 50 28 45 26 50 20 41 45 41 20 19 50 14 50 50 0 8 14 50 23 50 50 8 50 22 50 34 30 14 2 50 42 44 50 50 36 29 45 14 50 45 10 36 7 35 
22 33 8 24 16 50 41 4 50 50 11 19 50 15 38 50 13 50 50 50 50 10 31 50 50 24 17 37 0 0 39 21 19 17 50 24 45 46 28 50 50 23 50 17 18 47 
50 19 50 34 7 6 50 17 3 7 36 46 37 50 50 14 24 4 0 50 15 50 50 10 50 35 27 43 38 50 11 10 50 40 16 24 7 37 50 50 50 50 43 4 38 
2 11 48 3 18 35 17 50 44 39 50 19 25 50 17 8 4 10 22 44 8 47 43 50 50 26 38 40 45 7 37 50 45 26 6 14 3 50 5 26 20 50 50 50 
4 50 50 50 50 24 12 9 45 2 1 50 0 49 40 50 43 31 39 18 50 50 50 50 50 50 50 50 50 50 50 50 50 50 50 50 50 50 50 50 50 50 50 
50 24 50 50 50 50 50 50 50 50 50 50 50 50 50 50 50 50 50 50 50 50 50 50 50 50 50 50 50 50 50 50 50 50 50 50 50 50 50 50 50 50 
50 50 50 50 50 50 50 50 50 50 50 50 50 50 50 50 32 50 50 50 50 50 50 50 50 50 50 50 50 50 50 50 50 50 50 50 50 50 50 50 50 
50 50 50 50 50 50 38 50 50 50 50 50 50 50 50 50 50 50 50 50 50 50 50 50 50 50 50 50 50 50 50 50 50 50 50 50 50 50 50 50 
50 50 50 50 50 50 50 50 50 50 50 50 50 16 50 50 50 50 50 50 50 50 50 50 50 50 50 50 50 50 50 24 50 50 50 50 50 50 50 
50 50 50 50 50 50 50 50 50 50 50 50 50 50 50 50 50 50 50 50 50 50 50 50 50 50 50 50 50 50 50 50 50 50 50 31 50 50 
50 50 50 50 50 50 14 50 50 50 50 50 50 50 50 23 50 50 50 50 50 50 50 50 21 50 50 50 50 50 50 50 50 50 50 50 50 
50 50 50 50 50 50 50 50 50 50 50 50 50 50 50 50 50 50 50 50 50 50 50 50 50 50 50 50 50 50 50 50 33 50 50 50 
47 50 50 50 50 50 50 50 50 50 50 50 50 50 50 50 50 50 50 50 50 50 50 50 50 50 50 50 50 50 50 50 50 50 50 
50 50 50 50 50 50 50 50 50 50 50 50 50 50 50 50 50 50 50 50 33 50 50 50 50 50 50 50 50 50 50 50 50 50 
50 50 50 50 10 50 50 50 50 50 50 50 50 50 50 50 44 50 50 50 50 50 50 50 50 50 50 50 50 50 50 50 50 
50 50 50 50 50 50 50 50 50 50 50 50 50 50 50 50 50 50 50 5 50 50 50 1 50 50 50 50 50 50 50 50 
50 50 50 50 50 50 50 28 50 50 50 50 50 50 50 50 50 50 50 50 50 50 50 50 50 50 50 50 50 50 50 
50 50 50 50 5 50 50 50 50 50 50 50 50 50 50 50 50 50 50 50 50 50 50 6 50 50 50 50 50 50 
50 50 50 50 50 31 50 50 50 45 50 50 50 50 50 50 50 50 50 50 50 50 50 50 50 50 50 50 50 
50 50 50 50 50 50 50 3 50 50 50 50 50 50 50 50 50 50 50 50 50 50 50 50 50 9 50 50 
50 50 50 50 50 4 50 50 50 50 50 31 50 50 50 50 50 50 50 50 50 50 50 50 50 50 50 
50 50 50 50 50 50 50 50 50 50 50 50 46 50 50 50 50 50 50 50 50 50 50 50 50 50 
50 50 50 50 50 25 50 50 50 50 50 50 50 50 50 50 50 50 50 50 50 50 50 50 50 
50 50 50 50 50 50 50 50 50 50 50 50 30 50 50 50 50 50 50 50 50 50 50 50 
50 50 50 50 50 50 50 50 50 50 50 50 50 50 50 50 50 50 50 50 50 44 50 
50 50 50 14 50 50 50 50 50 50 21 50 50 50 50 50 50 50 50 50 50 50 
50 50 50 50 50 50 50 50 50 50 50 50 50 50 50 50 50 50 50 50 50 
50 50 50 50 50 50 50 50 50 50 50 50 50 50 50 50 50 50 50 50 
50 50 50 50 50 50 50 50 50 50 50 50 50 50 50 50 50 50 50 
50 50 50 50 50 50 50 50 50 50 44 50 50 50 50 50 50 50 
50 50 50 50 50 50 50 50 50 50 50 50 50 50 50 50 50 
50 50 50 50 50 50 50 50 50 50 50 50 50 50 50 50 
50 50 50 50 50 50 50 50 50 50 50 42 50 50 50 
5 50 50 50 50 50 50 50 50 50 50 50 50 50 
50 50 50 43 50 50 50 50 50 50 50 50 50 
50 50 50 50 50 50 50 50 50 35 50 50 
35 50 50 50 50 50 50 50 50 50 50 
50 50 50 50 50 50 50 50 50 28 
50 50 50 32 50 50 50 50 50 
50 50 50 50 50 50 50 50 
50 50 50 50 50 50 50 
50 50 50 50 50 50 
50 50 50 50 50 
50 50 50 50 
50 50 50 
50 50 
50 

50 50 50 37 50 15 50 50 20 50 50 50 50 50 7 50 50 21 8 27 50 42 25 50 50 20 44 50 50 12 50 34 29 50 50 41 50 50 50 6 50 50 50 50 50 50 27 50 50 
50 50 50 50 50 50 50 50 50 50 50 50 0 31 50 50 9 26 50 34 11 8 33 50 9 50 48 50 50 50 50 50 32 50 50 50 50 50 50 32 30 39 50 50 50 50 7 2 
6 50 50 50 50 50 50 50 50 50 50 50 50 50 19 50 50 50 50 50 7 36 3 50 13 42 50 0 23 50 50 4 50 50 19 22 2 50 18 18 50 37 50 50 50 50 50 
50 50 50 50 50 26 50 50 50 14 21 21 50 50 50 50 50 47 43 50 50 19 50 50 49 50 50 28 15 50 50 50 23 11 8 50 16 50 50 50 50 27 6 43 50 21 
50 50 45 50 50 50 50 50 50 14 2 50 50 41 50 50 50 50 50 48 50 50 50 4 50 50 50 50 8 50 50 41 49 50 50 50 32 50 3 1 8 1 12 50 50 
50 50 50 24 1 50 50 36 40 50 50 50 50 11 50 50 50 40 50 50 50 23 41 50 46 46 50 50 50 17 50 50 50 50 50 15 50 50 12 19 50 50 47 50 
50 50 4 50 50 20 50 50 47 50 4 50 5 50 26 0 37 48 50 50 50 50 18 50 34 39 50 50 50 50 50 50 50 50 50 50 50 50 50 50 49 50 30 
12 50 50 40 40 20 50 50 50 50 5 50 2 50 47 50 37 22 50 50 45 9 27 50 50 50 50 50 50 31 50 50 50 50 1 1 50 50 50 50 50 16 
50 50 50 50 50 50 50 34 37 50 27 50 50 50 50 27 50 50 50 29 50 50 50 50 50 50 50 46 50 50 50 37 20 50 50 50 50 50 50 38 50 
50 50 50 50 50 20 50 50 50 50 17 47 50 50 19 0 50 9 46 50 50 50 50 50 37 50 30 24 50 50 50 50 50 50 8 50 50 50 46 50 
16 2 26 50 50 50 50 18 47 15 31 50 50 50 50 50 9 50 50 44 50 50 50 50 50 50 50 50 50 50 50 50 18 50 49 50 50 50 50 
39 50 50 50 50 50 45 50 50 50 50 50 7 50 50 50 50 6 50 50 50 50 50 50 50 50 50 7 39 35 50 50 50 50 50 50 50 50 
50 36 50 24 50 48 40 50 44 6 50 29 40 50 50 9 50 50 50 50 50 50 50 50 50 50 50 48 50 50 50 17 50 50 28 50 50 
50 50 50 50 50 50 25 50 50 18 50 50 50 50 24 43 50 50 43 50 15 50 50 50 50 2 50 50 50 20 50 50 20 50 50 12 
50 25 50 50 50 15 50 50 50 50 32 50 33 50 50 50 50 50 29 50 10 50 23 50 50 50 50 27 44 50 50 50 50 45 45 
50 50 49 50 50 50 50 50 50 50 50 11 50 18 31 50 50 50 34 38 50 50 33 34 50 42 50 6 50 50 50 50 20 50 
50 50 48 50 23 50 8 8 50 44 50 50 16 50 8 50 42 50 50 50 50 50 50 50 50 50 42 50 50 50 50 50 50 
50 50 29 8 45 50 50 31 50 50 50 50 50 50 24 50 50 50 2 50 50 29 50 3 50 50 50 50 50 50 50 50 
50 50 50 50 50 50 50 50 50 50 50 50 50 50 50 50 50 50 50 50 50 27 50 50 50 50 50 50 50 50 50 
50 50 50 50 50 50 50 50 50 50 50 50 50 50 50 50 50 50 50 50 50 50 50 50 50 50 50 50 50 50 
50 50 50 50 50 50 50 50 50 31 50 50 50 50 50 50 50 50 50 50 50 50 50 50 50 50 50 50 50 
50 50 50 50 50 50 40 50 50 50 50 50 50 50 50 50 50 50 50 50 50 21 50 50 50 50 50 50 
50 50 50 50 50 50 50 50 50 50 50 50 50 50 50 50 50 50 50 50 50 50 50 50 50 50 50 
50 50 50 50 50 50 50 50 50 50 50 50 50 50 50 50 50 50 50 50 50 50 50 50 50 50 
50 50 50 50 50 50 50 50 50 50 33 50 50 50 50 50 50 50 50 50 50 18 50 50 50 
50 50 50 30 50 50 50 50 50 50 50 50 50 50 50 50 50 50 50 50 50 50 50 50 
50 50 50 50 50 50 50 50 50 50 50 50 50 30 50 50 50 50 50 50 50 50 50 
50 50 50 50 50 50 50 50 50 50 50 50 50 50 50 50 50 50 50 50 50 50 
50 50 50 50 50 50 50 50 50 50 50 50 50 17 50 50 50 50 50 50 50 
50 50 50 50 50 50 50 50 50 50 50 50 50 50 50 50 50 50 50 50 
50 50 50 50 50 50 29 50 50 50 50 50 50 50 50 50 50 50 50 
50 50 50 50 50 50 50 35 50 50 50 50 50 50 50 50 17 50 
50 50 50 50 50 50 50 50 5 50 50 50 50 50 50 50 50 
50 50 50 50 50 50 43 50 50 50 50 50 50 50 50 50 
50 50 50 50 50 50 50 50 50 50 50 50 27 50 50 
50 50 50 50 50 50 50 50 50 50 50 50 50 50 
50 3 50 50 50 50 50 50 50 50 50 50 50 
36 50 50 50 50 50 50 50 50 50 50 50 
50 50 50 50 50 50 50 50 50 50 50 
50 50 50 50 50 50 50 50 50 50 
50 50 50 50 50 50 50 50 50 
50 50 50 50 50 50 50 50 
50 50 50 50 50 50 50 
50 50 50 50 50 50 
50 50 50 50 50 
50 50 48 50 
50 50 50 
50 50 
50 

50 12 50 50 50 35 11 50 39 12 28 50 36 45 19 50 50 8 3 50 25 50 32 50 50 50 36 0 50 7 44 50 3 12 22 0 15 50 50 50 39 50 36 50 6 16 2 29 36 
50 50 14 50 50 30 50 39 0 5 34 50 39 50 50 50 50 50 17 36 5 44 31 50 21 29 50 47 18 50 22 50 40 5 45 7 50 24 50 12 43 8 3 33 50 11 26 4 
46 50 14 19 4 50 18 49 9 50 38 30 50 50 50 7 50 46 50 36 48 30 23 24 50 6 0 49 50 36 42 50 50 50 2 42 50 0 17 49 38 29 16 23 47 5 50 
36 50 50 50 50 37 21 9 15 21 32 50 23 28 50 50 42 50 50 10 50 50 41 50 50 22 49 20 29 2 41 50 21 22 50 50 34 31 6 13 50 46 50 38 48 24 
47 32 39 50 50 50 7 8 47 19 50 26 27 50 50 50 1 49 50 50 50 8 50 15 48 50 47 21 50 50 9 33 1 23 50 26 8 34 37 44 12 33 12 8 50 
15 16 41 50 50 50 50 26 50 50 4 14 20 50 24 50 50 18 13 48 24 31 50 2 48 20 29 1 24 50 38 3 50 9 50 50 50 3 50 17 50 0 35 50 
31 25 10 41 38 41 50 17 37 16 46 40 50 50 50 50 17 13 39 50 10 23 38 15 15 16 15 36 17 29 3 50 15 7 18 21 43 50 50 50 38 13 50 
37 50 50 3 50 50 50 50 50 50 50 50 50 50 50 50 50 50 50 50 50 50 50 50 50 50 50 50 50 4 50 50 50 50 50 50 50 50 50 50 50 50 
50 50 50 50 50 50 50 50 50 50 50 50 50 41 50 50 50 50 50 50 50 50 50 50 50 50 50 50 50 50 50 50 50 50 50 50 50 50 50 50 50 
50 50 50 50 50 50 50 50 50 50 50 50 50 50 50 50 50 50 50 50 50 50 50 50 50 50 42 50 50 50 50 50 50 50 50 50 50 50 50 50 
50 50 50 50 50 50 50 50 50 50 50 50 50 49 50 50 50 50 50 50 50 50 50 50 50 50 50 50 50 50 50 50 50 50 50 50 50 50 50 
50 50 50 50 50 50 19 50 50 50 50 50 50 50 50 50 50 10 50 50 50 50 50 50 50 50 50 50 50 50 50 50 50 50 50 50 50 50 
50 50 50 50 15 50 50 50 50 50 30 50 50 50 50 50 50 50 50 50 50 50 50 50 50 50 50 50 50 50 50 50 50 50 50 50 50 
50 50 50 50 50 50 48 50 50 50 50 50 50 50 50 50 50 50 50 50 50 47 50 50 50 50 50 50 50 50 50 50 50 50 50 50 
50 50 50 50 50 50 50 50 50 50 50 50 50 26 50 50 50 50 50 50 50 50 50 50 50 50 50 50 50 50 50 50 50 50 50 
50 50 50 50 50 50 50 50 50 50 50 50 50 50 50 50 50 50 50 50 50 50 50 50 50 50 50 50 50 6 50 50 50 50 
50 50 50 50 50 50 50 50 50 50 50 50 50 50 43 50 50 50 50 50 50 50 50 6 50 50 50 50 50 50 50 50 50 
50 50 50 50 50 50 50 50 50 50 50 50 50 50 50 50 50 50 50 50 50 50 50 50 50 50 50 50 50 50 50 50 
50 50 50 50 50 50 50 50 50 50 50 50 50 50 50 50 50 50 50 50 50 50 50 50 50 50 50 50 50 50 39 
50 50 50 50 50 50 50 50 50 50 50 50 18 50 50 50 50 50 50 50 50 50 50 50 50 50 50 50 50 50 
50 50 50 50 50 50 50 50 35 50 50 50 50 50 50 50 50 50 50 50 50 50 50 50 50 50 50 50 50 
50 50 50 2 50 50 50 50 50 50 50 50 50 50 50 50 50 50 50 50 50 50 50 50 50 50 18 50 
50 50 47 50 50 50 50 50 50 50 50 50 50 50 50 50 50 50 50 50 50 50 50 50 50 50 50 
50 50 50 50 50 50 50 50 13 50 50 50 50 50 50 50 50 50 50 50 50 50 50 27 50 50 
50 50 50 50 50 50 50 50 50 50 50 50 50 50 50 50 50 50 50 50 50 50 50 50 4 
50 50 50 50 50 50 50 50 50 50 50 50 50 50 50 50 50 50 50 50 50 50 50 50 
50 50 50 50 50 50 50 50 50 50 50 50 50 50 50 50 50 16 50 50 50 50 50 
50 50 50 50 50 50 50 50 50 50 50 50 50 50 50 50 50 18 50 50 50 50 
50 50 50 50 50 50 50 50 50 50 50 50 50 50 50 50 50 4 50 50 50 
5 50 31 50 50 50 50 50 50 50 50 44 50 50 50 50 17 50 50 50 
50 50 50 50 50 50 50 50 50 50 50 50 50 50 50 50 50 50 50 
50 50 50 50 50 50 50 50 50 50 50 50 50 50 50 50 50 17 
50 50 50 50 50 50 50 50 50 50 50 50 50 50 50 50 50 
50 22 50 50 50 50 50 50 50 50 50 50 50 50 50 50 
50 50 50 50 50 50 50 50 50 50 45 50 50 50 50 
50 50 50 50 50 50 50 50 50 50 50 50 50 50 
50 50 50 50 50 50 50 50 50 50 50 50 50 
50 25 50 50 46 50 50 50 50 50 50 50 
50 50 50 50 50 50 50 50 50 50 50 
50 50 50 24 50 50 50 50 50 50 
50 50 50 50 50 50 50 50 50 
50 50 50 50 50 50 50 50 
50 50 50 50 50 50 50 
50 50 50 50 50 50 
50 50 50 50 19 
50 50 50 50 
50 50 50 
50 50 
50 

