30 30
21 29 7 30 26 7 17 29 22 7 14 15 30 20 12 8 8 18 2 10 30 8 3 18 18 11 10 26 27 
8 11 10 17 30 8 30 30 23 15 6 25 27 23 7 23 17 4 1 3 28 28 24 16 30 23 10 30 
30 20 15 16 26 25 13 1 20 11 22 24 29 24 10 13 8 5 30 30 16 29 30 2 1 30 21 
30 14 4 30 0 17 19 12 13 4 0 2 7 30 14 24 21 30 14 12 11 16 15 17 30 20 
8 7 14 8 26 6 30 19 18 3 3 24 20 29 16 9 28 8 24 9 23 22 28 11 21 
30 12 30 30 25 2 1 19 20 4 3 2 12 30 10 4 1 18 6 30 10 16 30 22 
15 25 17 30 20 1 14 16 16 29 28 28 1 29 9 13 30 30 6 14 29 20 21 
29 10 19 16 5 0 21 15 23 1 30 12 0 14 30 4 22 10 28 27 9 14 
30 3 26 2 26 18 18 30 30 30 30 18 12 7 22 15 17 24 24 22 8 
30 21 21 6 1 22 1 0 11 1 4 12 30 14 22 15 30 30 1 30 
30 30 30 30 30 27 30 30 30 30 30 30 30 30 30 9 24 30 30 
30 30 30 30 30 30 30 20 30 30 16 30 30 30 30 30 30 30 
30 30 30 30 30 30 30 30 30 30 30 30 23 30 30 30 30 
30 30 30 30 30 30 30 30 30 30 30 30 30 30 30 30 
30 9 30 30 30 30 30 30 30 30 30 30 30 30 30 
30 30 11 30 30 30 30 30 30 30 30 30 30 30 
30 30 30 30 30 30 30 6 30 30 30 30 30 
30 30 30 30 30 30 30 30 30 30 30 30 
30 19 30 30 30 30 30 30 30 30 30 
30 30 30 30 30 30 30 30 30 30 
30 30 30 30 30 30 30 30 30 
30 30 17 30 30 30 30 30 
30 30 30 30 30 30 30 
30 30 30 30 30 30 
30 30 30 30 30 
30 15 30 30 
30 30 30 
30 30 
30 

7 19 11 30 30 14 30 11 26 30 16 21 25 23 30 26 30 27 16 30 30 4 30 30 0 20 18 30 30 
30 30 11 15 30 30 14 9 30 13 19 11 30 30 27 10 30 30 9 1 30 29 30 30 30 7 19 30 
20 30 28 30 30 30 30 18 9 30 30 30 30 3 29 27 26 30 0 6 30 30 30 14 30 29 24 
30 20 30 15 0 18 22 30 30 30 0 7 30 30 30 30 30 29 10 29 30 30 30 30 29 4 
21 3 20 30 24 30 26 30 30 28 30 2 27 2 30 14 13 30 30 30 30 30 17 26 17 
30 29 30 30 29 30 30 30 20 30 30 30 30 30 5 30 6 3 30 30 22 30 30 17 
30 30 30 30 25 30 30 27 30 30 15 26 30 30 30 30 30 16 18 25 8 12 23 
18 18 30 30 29 30 18 30 20 15 30 2 14 30 30 30 11 30 30 30 30 1 
30 25 30 30 3 30 30 27 30 30 25 15 0 30 22 26 24 8 30 28 30 
24 26 30 30 30 30 30 30 30 14 28 13 10 4 16 24 30 30 30 30 
1 30 30 25 8 17 25 30 3 30 30 25 18 30 13 9 30 30 13 
4 23 12 1 5 5 30 13 30 30 26 30 18 16 30 30 30 14 
12 7 30 20 30 26 3 20 13 30 21 14 28 20 30 17 30 
25 6 30 30 30 23 30 30 30 30 15 8 16 28 7 30 
23 30 30 17 23 29 30 5 14 7 21 30 30 6 17 
30 11 16 30 13 30 30 30 28 18 7 30 30 30 
6 30 30 24 30 27 6 30 30 15 30 17 24 
30 18 7 24 30 30 26 10 30 30 28 4 
24 30 19 30 30 30 8 8 21 18 27 
17 30 30 11 30 8 27 30 30 30 
30 21 24 12 30 5 30 30 16 
30 6 1 30 30 30 30 23 
29 1 30 30 30 30 9 
30 10 2 30 26 22 
14 30 30 30 30 
30 30 30 30 
30 30 30 
30 30 
30 

30 30 2 28 30 30 30 2 3 15 29 30 24 30 30 30 22 10 30 30 30 30 10 0 2 30 12 29 30 
10 30 11 30 14 6 22 30 2 30 30 14 30 30 12 18 4 18 27 25 30 8 11 30 30 27 22 30 
12 30 5 20 4 30 18 19 30 0 22 2 4 30 27 25 3 9 18 30 8 18 30 29 9 30 30 
30 4 20 30 30 11 30 30 28 21 25 30 30 23 9 20 30 30 30 8 16 22 24 30 10 30 
21 15 30 2 30 30 10 19 7 25 30 30 30 27 8 30 30 23 23 1 4 28 19 4 30 
25 30 30 25 30 7 29 30 10 25 11 30 18 30 18 9 30 23 3 2 30 23 16 14 
30 30 9 25 14 3 13 17 2 30 12 2 10 30 30 7 28 25 19 30 30 21 25 
30 30 26 15 30 11 30 13 12 13 8 30 10 4 30 30 16 30 16 30 11 22 
30 30 26 5 30 30 30 8 18 21 6 30 30 9 30 30 21 30 30 11 30 
30 30 27 29 30 28 30 30 24 25 27 14 10 30 30 30 30 7 30 13 
7 16 12 6 21 14 30 14 30 30 18 13 30 30 30 22 14 27 20 
18 7 30 14 9 24 5 30 18 30 17 30 17 30 18 14 30 30 
23 30 1 23 23 30 30 20 30 21 2 7 30 30 30 19 3 
30 30 18 30 30 30 7 18 18 30 30 12 30 30 19 30 
30 20 30 3 13 30 17 30 30 30 13 3 19 23 27 
11 3 2 30 29 1 30 7 30 10 6 30 30 24 
30 10 0 24 8 30 30 27 12 30 30 9 12 
12 30 30 30 30 30 30 30 30 30 30 30 
30 30 8 30 30 30 30 30 30 30 30 
30 30 7 30 30 30 30 3 30 30 
30 30 30 30 30 30 30 30 30 
30 30 30 30 30 30 30 30 
30 30 30 30 30 3 30 
13 9 30 30 30 30 
30 30 30 30 30 
30 30 30 30 
30 30 30 
30 30 
30 

28 14 30 28 14 17 28 9 24 30 8 3 1 3 30 10 30 30 30 17 30 28 5 10 14 30 10 30 30 
30 21 30 30 6 22 21 16 1 7 10 30 0 10 29 13 29 30 30 30 30 30 11 30 12 14 30 14 
11 30 2 30 30 10 26 30 4 14 21 16 14 18 21 30 30 30 30 3 14 30 30 2 20 30 30 
30 12 30 30 24 8 13 28 28 30 30 4 9 30 7 0 29 14 30 30 28 12 30 18 30 30 
26 0 20 30 30 1 30 30 30 30 23 4 16 30 11 19 7 30 30 25 30 30 30 30 26 
29 26 30 19 30 5 21 24 30 30 5 9 30 23 30 30 30 30 30 30 30 30 22 30 
12 30 10 30 1 30 0 30 30 30 30 30 30 5 26 21 15 30 30 30 20 13 2 
28 12 30 30 30 15 4 30 30 28 10 25 25 13 19 30 30 30 21 30 30 1 
14 30 30 30 30 30 25 5 30 30 18 30 21 18 17 4 28 24 21 30 19 
30 30 30 18 11 30 30 14 3 15 3 5 23 30 30 30 26 30 30 26 
30 9 6 14 23 28 30 14 30 7 30 1 26 30 30 30 19 24 25 
30 30 30 14 30 30 30 30 28 19 22 23 19 9 10 30 30 30 
24 30 30 30 4 21 8 30 21 30 29 30 25 30 30 0 30 
30 30 19 30 30 25 9 30 30 14 26 14 13 30 20 0 
18 30 30 5 2 30 30 15 27 16 30 19 30 30 30 
30 30 7 30 30 30 19 13 18 30 1 25 30 30 
0 30 1 1 30 19 19 30 30 30 30 9 30 
30 1 30 30 20 17 30 30 30 2 30 30 
10 22 18 14 9 30 11 5 30 19 1 
23 30 21 25 18 25 29 7 21 18 
30 30 11 30 30 30 1 6 30 
30 30 30 4 30 30 30 30 
20 30 30 30 30 30 30 
30 30 30 30 30 30 
30 30 30 30 30 
30 30 30 30 
30 30 30 
30 22 
30 

30 29 11 30 2 30 6 29 20 30 30 13 5 22 30 30 30 16 17 14 21 12 30 24 11 25 27 7 22 
3 24 7 30 30 11 18 0 30 14 12 30 28 12 10 2 7 30 30 13 0 11 4 22 30 30 6 14 
30 29 14 26 13 30 30 5 30 27 30 8 12 10 11 16 21 4 12 15 25 30 30 3 18 29 30 
30 30 15 8 16 20 11 30 30 3 30 6 30 22 5 30 26 3 30 29 11 13 19 4 4 30 
23 22 11 30 19 15 18 30 7 4 25 30 12 8 30 30 30 30 23 23 30 30 20 7 21 
30 17 0 6 30 30 22 30 14 30 25 30 30 30 18 8 25 14 30 5 29 30 30 30 
30 18 25 2 3 30 30 18 18 22 15 3 30 16 23 22 30 30 30 30 15 30 24 
22 14 17 21 0 27 30 30 13 14 30 30 30 25 5 26 30 23 30 30 30 24 
20 30 30 14 20 1 23 18 1 30 29 15 30 25 30 3 30 7 30 30 30 
30 30 30 30 30 30 30 30 13 30 30 7 24 26 30 9 7 12 13 30 
30 30 30 18 30 28 30 30 30 30 25 30 19 4 30 30 27 30 27 
30 30 30 9 30 30 12 15 15 30 30 30 15 22 30 30 4 17 
30 30 27 8 30 30 30 17 30 9 8 30 20 30 8 25 30 
30 30 30 30 30 7 30 30 11 30 30 19 30 0 30 30 
30 30 22 30 23 30 30 13 30 30 10 30 1 22 30 
30 27 30 30 2 30 30 24 30 30 30 30 30 14 
30 30 30 2 30 24 6 30 30 30 30 19 26 
30 30 30 30 8 30 30 30 10 30 30 30 
13 30 30 30 7 2 5 4 30 30 11 
30 14 30 24 0 30 13 28 30 30 
30 20 30 6 30 3 30 30 5 
30 30 30 30 23 30 30 30 
30 30 30 13 30 30 8 
30 30 30 30 7 30 
30 30 30 30 30 
30 30 2 13 
28 30 30 
30 30 
30 

23 8 25 19 17 30 14 19 6 30 30 30 17 9 16 4 26 13 12 1 30 9 7 30 30 21 21 7 8 
20 5 26 14 30 16 30 17 4 30 14 30 30 11 30 18 30 16 30 30 30 30 16 30 30 22 30 30 
30 8 22 30 29 30 17 23 26 30 18 29 20 30 30 4 29 30 27 30 30 4 30 30 30 30 30 
13 30 30 30 27 30 30 0 28 30 30 30 30 30 1 23 30 30 7 10 13 30 29 12 20 30 
30 10 26 30 30 30 21 18 18 10 21 14 22 30 30 0 30 3 20 30 20 6 30 7 30 
11 30 30 30 30 30 27 24 30 30 30 21 30 2 20 12 17 8 0 10 30 11 30 25 
30 30 30 30 12 30 2 30 22 19 25 30 30 30 19 0 28 24 4 20 13 30 30 
30 30 30 30 30 30 30 9 28 9 30 30 30 16 3 30 30 30 12 23 30 30 
30 11 12 13 12 30 1 22 30 28 30 30 30 30 21 30 21 30 18 30 30 
30 30 4 26 30 30 30 9 30 3 30 30 17 30 0 30 30 30 24 28 
30 27 30 15 19 7 24 30 30 20 10 15 12 30 25 30 30 30 30 
30 7 30 30 30 30 30 30 18 30 30 3 29 29 26 30 30 15 
30 18 21 30 30 9 12 30 14 30 30 19 20 30 30 30 30 
30 30 22 30 14 21 17 30 30 20 13 30 8 30 30 30 
4 30 30 0 2 21 9 3 11 30 21 27 24 30 12 
8 30 30 30 17 20 30 18 30 30 22 19 30 30 
30 25 30 30 30 30 27 7 30 0 20 30 30 
30 28 13 30 30 25 3 6 8 30 30 30 
3 28 30 30 1 30 30 30 14 26 2 
24 30 30 23 30 9 19 23 30 30 
30 12 30 26 18 17 4 2 30 
30 7 29 30 2 30 30 30 
30 30 30 12 21 30 30 
30 12 30 30 26 24 
7 25 17 30 30 
30 21 30 30 
23 30 30 
4 22 
28 

12 30 30 23 30 16 5 30 8 1 30 5 6 15 2 7 30 30 5 30 17 30 30 30 30 18 30 6 1 
30 30 30 2 30 19 30 30 5 30 7 30 12 8 30 30 18 30 1 30 30 25 30 19 28 21 18 3 
19 12 20 4 30 30 30 30 1 30 30 30 30 5 30 30 29 5 30 5 30 26 30 26 30 25 30 
26 28 30 20 30 30 17 29 24 30 8 30 0 30 30 30 20 5 30 30 10 30 10 0 30 7 
30 3 30 30 13 30 18 14 25 6 30 14 30 30 2 30 30 0 30 28 30 30 26 7 30 
15 1 21 30 30 21 1 30 30 9 30 30 23 22 3 30 30 29 2 30 30 14 30 17 
30 23 13 30 27 30 30 30 27 1 30 7 30 26 22 14 16 30 30 0 28 30 30 
30 30 30 30 16 30 30 30 26 19 23 30 7 8 28 30 30 19 30 7 9 30 
30 30 30 18 5 30 30 30 0 3 21 30 20 22 7 30 30 30 30 30 30 
30 1 0 30 11 30 30 30 30 30 10 4 30 0 18 3 30 14 30 30 
30 26 17 16 23 19 12 29 13 30 15 30 22 4 30 20 7 30 17 
23 30 30 1 21 0 26 7 30 22 30 30 15 4 30 19 9 0 
27 3 30 30 6 30 30 30 3 7 1 30 25 30 6 3 30 
30 1 30 30 30 30 3 27 22 3 18 1 30 8 30 9 
13 12 30 30 30 17 30 26 30 30 21 29 30 30 30 
12 23 30 30 30 12 30 12 7 30 7 30 17 30 
30 26 30 10 30 30 30 17 5 30 30 30 24 
1 30 17 30 30 30 30 26 30 11 30 12 
30 10 6 5 30 29 30 30 30 17 30 
11 30 16 30 20 28 30 30 30 30 
30 30 30 0 11 16 5 28 30 
18 20 30 2 30 19 10 0 
30 30 14 10 30 21 30 
6 6 30 30 30 29 
30 0 30 30 30 
8 30 30 30 
30 30 10 
30 30 
25 

27 30 3 2 27 18 30 14 27 28 27 1 30 30 16 16 19 13 21 6 30 5 14 11 26 5 28 5 9 
30 19 30 30 30 6 0 8 13 30 13 22 6 30 5 22 9 19 23 5 30 30 30 30 19 30 22 22 
5 6 27 7 30 20 13 22 27 7 9 21 13 29 30 0 30 5 0 2 10 21 24 30 9 14 30 
30 1 9 30 13 30 30 14 0 17 30 0 30 30 15 24 30 29 5 21 24 15 30 8 13 30 
18 18 7 2 16 15 0 7 14 30 23 13 30 30 11 30 29 15 30 18 30 16 1 12 30 
28 3 16 2 18 22 11 30 30 13 30 17 11 30 16 12 12 24 27 3 30 12 11 30 
8 20 0 5 8 30 13 1 30 5 0 20 20 18 8 1 30 25 26 30 10 11 6 
30 8 30 27 6 21 4 21 13 20 5 14 9 30 25 25 26 30 6 11 30 9 
23 30 8 20 30 9 6 18 30 30 30 10 22 0 0 23 12 11 10 14 15 
30 27 16 30 30 14 22 10 10 28 26 11 30 20 4 3 30 10 3 11 
30 28 22 30 30 8 14 2 0 30 9 30 30 27 20 21 16 19 30 
30 7 6 30 24 9 14 4 22 30 30 30 30 26 2 23 1 6 
29 2 30 30 30 30 30 30 30 30 30 30 30 30 30 30 30 
30 30 30 30 30 30 30 30 30 30 30 15 30 30 30 30 
30 30 30 30 30 30 30 30 30 30 30 30 30 30 30 
30 30 15 30 30 30 30 30 30 30 30 30 30 30 
30 30 30 30 30 30 30 30 30 30 30 30 30 
30 30 30 30 30 30 15 30 30 30 30 30 
30 30 30 30 30 30 30 30 30 30 30 
30 30 30 16 30 30 30 30 25 30 
30 30 30 30 30 30 30 30 4 
3 30 30 30 30 25 30 30 
30 30 30 30 30 30 30 
30 30 30 30 30 30 
30 30 30 30 30 
30 30 30 30 
2 30 30 
30 30 
30 

25 22 7 25 15 21 16 30 30 26 6 30 19 30 30 30 3 30 21 11 30 10 4 1 26 1 29 24 29 
30 24 10 30 16 30 5 30 15 16 18 30 21 9 3 7 30 30 22 30 30 21 10 12 18 25 9 12 
12 11 30 30 30 4 30 30 13 5 16 3 30 15 30 3 0 30 11 3 11 20 17 30 30 24 28 
30 3 30 26 26 2 19 30 17 30 30 30 9 11 30 11 30 19 20 0 6 14 20 7 5 20 
30 2 7 20 29 30 30 30 25 19 8 29 8 7 2 3 30 30 30 12 4 1 3 29 30 
28 26 25 30 30 30 4 26 12 16 5 7 2 30 8 25 30 0 14 10 2 21 22 4 
2 16 10 11 30 22 30 19 21 28 20 20 30 30 30 8 12 12 12 24 28 26 10 
11 25 29 27 16 9 9 7 5 7 16 9 30 30 25 16 3 4 14 30 12 30 
1 30 30 29 19 1 1 11 24 12 16 7 30 11 27 30 30 14 5 30 3 
30 29 28 12 19 6 10 1 5 30 7 30 30 3 18 14 1 30 30 21 
30 10 19 30 25 30 9 30 13 30 14 25 30 27 27 28 30 10 10 
13 30 9 9 30 11 11 30 28 26 30 4 28 12 18 28 3 24 
3 30 15 0 22 29 21 30 30 30 17 30 30 30 30 30 30 
30 30 30 30 30 30 30 30 30 30 30 30 30 30 30 30 
30 30 30 30 30 30 30 30 30 30 30 30 30 30 30 
30 30 30 30 30 30 30 30 30 30 30 30 30 29 
30 30 30 30 30 30 30 30 30 30 30 30 30 
30 30 30 30 30 26 18 30 30 30 30 30 
30 21 30 30 30 30 30 30 30 30 30 
30 30 27 27 30 30 30 0 30 30 
30 30 30 30 30 30 30 30 30 
30 30 30 30 30 30 30 30 
30 30 30 7 30 30 30 
30 30 30 30 30 30 
30 30 30 30 30 
30 30 30 30 
30 30 30 
30 30 
30 

6 10 9 30 30 22 30 14 20 3 2 30 28 30 30 2 30 30 2 30 8 2 22 30 19 30 12 30 30 
30 21 30 30 19 30 14 11 30 0 30 19 21 13 30 2 30 13 8 5 3 23 10 30 20 1 6 30 
30 30 30 30 7 14 17 30 15 30 15 28 23 3 18 30 9 13 30 30 30 23 30 5 30 20 15 
6 9 30 30 30 30 22 0 11 4 30 30 30 14 18 30 25 9 29 22 30 23 30 21 1 29 
15 27 30 5 3 21 30 30 17 8 30 18 6 23 0 3 30 30 30 30 26 30 30 4 30 
21 30 14 22 30 23 26 1 18 18 30 16 17 17 30 14 11 30 13 15 4 30 3 30 
30 4 30 5 30 30 7 5 28 30 6 7 30 30 30 8 30 9 7 30 16 8 18 
30 30 29 30 0 29 5 23 22 30 28 30 30 21 29 27 27 30 30 16 30 30 
15 30 30 18 14 15 3 0 29 30 20 30 30 30 30 16 28 30 8 1 12 
30 0 10 29 23 30 30 30 9 30 30 10 23 21 30 11 30 30 22 30 
30 30 9 12 19 30 13 17 30 30 30 13 30 30 30 25 30 30 30 
30 30 30 30 29 12 30 30 30 2 30 30 30 30 13 30 30 20 
18 30 10 29 30 14 30 22 30 30 30 30 13 30 19 20 30 
30 28 11 11 30 11 4 16 16 30 30 30 30 2 30 30 
30 30 5 30 9 30 30 30 30 30 12 30 30 30 10 
30 1 30 30 16 30 2 30 22 30 30 25 21 19 
30 18 22 9 10 25 30 30 30 30 16 30 30 
30 19 30 4 30 30 14 30 30 30 30 30 
12 30 30 30 25 30 30 1 3 30 30 
30 30 0 30 30 30 30 30 2 30 
5 30 30 30 29 10 30 0 30 
30 30 18 30 30 0 30 22 
30 24 30 30 30 30 30 
30 18 14 24 30 30 
30 30 10 20 10 
30 11 30 30 
30 9 9 
30 5 
8 

