50 25
7 9 24 25 9 25 25 25 11 7 18 18 10 13 18 4 18 5 16 5 19 13 25 20 18 13 20 12 13 21 21 1 11 18 15 18 25 7 10 20 24 20 25 21 18 15 17 19 23 
25 5 20 14 3 25 3 14 16 23 25 17 11 7 25 10 22 0 15 24 25 9 6 25 17 5 13 7 9 17 14 11 11 8 22 21 3 0 2 11 10 9 13 12 22 25 5 20 
5 6 9 2 12 21 21 16 5 19 2 5 15 1 24 19 13 10 22 20 25 19 10 21 2 23 0 7 13 2 7 19 20 10 24 0 13 15 4 25 25 22 7 14 10 23 25 
2 9 17 14 7 3 8 16 20 5 19 8 3 4 24 5 25 2 15 25 6 19 20 15 12 19 25 25 22 13 17 0 12 13 13 10 13 19 25 17 6 10 7 10 7 19 
25 6 10 10 22 5 18 25 25 7 15 3 25 10 12 0 25 3 16 20 9 25 11 2 22 24 22 13 0 12 14 3 6 25 10 2 23 23 6 12 12 22 25 12 23 
13 6 22 10 16 15 25 22 5 20 25 18 10 5 25 16 21 19 4 14 16 9 2 18 25 9 4 18 13 9 8 17 17 23 3 1 6 5 19 12 17 10 25 25 
2 18 11 14 1 3 1 17 23 7 15 7 19 24 13 25 25 10 25 6 20 0 22 16 13 9 6 8 6 25 25 19 18 6 21 15 11 25 6 25 3 15 25 
25 19 8 15 13 2 25 24 2 25 22 4 23 0 0 14 25 5 7 16 13 16 22 25 12 18 11 13 23 1 10 4 1 10 18 25 8 0 8 12 22 25 
2 18 24 5 17 2 3 1 13 20 25 25 11 22 25 25 23 25 11 25 5 1 7 11 19 18 17 0 18 17 9 13 8 1 10 6 10 18 12 14 25 
1 4 25 19 4 16 25 4 25 19 8 16 17 2 15 17 25 2 6 19 25 6 12 2 2 2 25 24 8 15 5 1 2 8 0 18 23 15 23 18 
21 2 25 8 8 13 11 25 20 25 8 7 9 24 23 9 11 25 3 22 5 20 22 25 25 8 6 15 25 25 8 5 25 17 25 5 0 3 14 
3 24 25 10 25 25 15 24 17 23 4 12 12 10 25 25 25 25 21 24 18 25 7 1 19 0 25 5 2 17 25 16 20 8 19 11 8 5 
25 25 1 20 24 22 25 18 1 25 7 6 13 25 19 21 10 8 6 2 16 21 25 20 25 19 6 3 25 25 25 15 20 1 2 25 1 
25 0 2 10 20 21 14 7 10 11 9 11 8 25 1 25 25 0 20 6 3 5 6 25 10 8 25 21 3 4 9 25 18 6 15 23 
13 20 8 8 4 9 25 6 25 10 25 7 19 23 25 22 12 15 16 13 24 20 3 25 25 13 1 25 12 0 5 2 25 8 15 
25 25 0 7 19 7 25 20 25 7 13 3 25 23 5 0 25 5 2 25 13 25 25 15 5 20 16 14 6 18 23 3 16 18 
1 4 5 3 11 22 25 20 2 13 24 0 0 25 0 15 17 15 5 24 25 15 13 24 25 24 1 16 18 3 7 13 18 
15 25 0 23 5 11 7 25 5 25 3 12 22 20 22 19 13 6 10 25 17 6 25 9 1 2 25 25 25 11 25 7 
4 20 10 13 2 9 25 10 25 11 20 25 23 5 13 21 8 25 15 25 25 13 21 17 7 5 25 25 11 10 4 
2 25 22 23 25 14 16 20 3 22 22 17 13 25 25 25 8 25 21 13 4 24 14 0 12 25 0 0 3 21 
5 25 11 21 17 5 2 4 8 13 5 2 25 9 4 21 25 13 7 24 4 1 13 1 25 5 25 21 0 
25 18 6 25 4 25 18 7 20 17 15 2 7 16 7 17 14 17 13 22 22 19 15 12 25 7 6 25 
12 3 24 17 19 18 25 4 19 25 2 25 17 25 25 3 24 15 2 2 11 12 15 15 22 8 11 
11 3 1 25 25 17 4 19 12 5 25 25 25 8 7 2 13 18 14 12 16 25 25 20 25 20 
25 24 14 15 18 17 8 13 25 0 2 13 9 25 0 19 22 25 0 25 4 2 8 25 22 
25 9 23 5 23 25 25 23 7 15 25 11 22 10 1 15 4 25 7 15 17 15 24 5 
10 21 7 18 18 9 15 18 20 25 7 10 8 1 4 24 12 8 13 13 9 5 25 
25 25 1 9 21 7 8 25 24 25 16 24 25 1 15 15 11 18 25 7 15 24 
12 17 3 20 11 0 24 7 17 7 15 17 25 25 17 25 16 13 1 13 11 
19 25 21 25 17 6 9 22 10 0 12 2 25 14 22 4 10 9 19 20 
15 23 8 9 5 25 25 14 25 11 8 3 5 21 14 11 20 18 24 
23 17 5 16 9 3 25 21 17 25 25 25 25 12 25 18 18 10 
25 8 25 1 25 10 25 5 21 25 4 23 24 25 5 25 25 
24 25 16 23 25 5 2 9 25 8 25 24 5 6 18 25 
12 3 12 15 7 1 15 9 8 25 1 15 25 25 2 
8 25 25 17 25 22 2 25 10 4 15 18 12 19 
20 9 4 3 25 10 25 1 1 2 25 23 8 
24 3 25 25 7 19 3 13 21 4 22 7 
4 12 17 25 18 4 2 11 14 17 0 
10 9 18 2 25 7 24 1 19 23 
25 25 21 16 3 17 14 11 25 
25 25 15 1 21 19 15 4 
10 5 25 25 6 12 20 
9 25 12 19 2 25 
3 20 25 3 5 
5 19 25 9 
7 19 12 
25 8 
25 

22 19 10 25 10 2 22 17 25 7 21 16 12 13 22 19 16 4 17 6 15 7 2 4 23 6 21 8 5 14 25 25 24 15 21 21 7 24 25 0 16 17 13 20 5 4 12 5 15 
20 4 22 21 8 18 21 10 25 13 19 13 0 10 19 25 25 24 14 23 5 16 10 21 20 20 7 4 9 5 10 24 2 4 12 14 18 25 25 16 12 7 1 13 4 2 2 9 
13 19 5 20 6 12 23 7 25 20 0 8 20 10 24 25 15 23 17 21 25 15 9 21 25 20 18 6 25 16 22 21 9 5 3 25 3 22 2 25 22 10 10 4 17 23 8 
22 12 3 25 9 24 25 14 11 5 6 19 11 25 3 13 20 15 25 15 0 3 19 21 6 17 21 11 9 11 21 21 17 16 2 22 11 25 10 25 19 10 11 4 13 16 
11 24 1 22 7 13 25 17 4 1 8 22 2 17 10 21 5 2 11 15 3 11 23 25 25 14 9 1 7 24 0 9 25 7 1 5 8 20 8 13 6 22 23 19 13 
1 14 19 24 23 4 15 9 6 18 0 16 19 22 6 9 13 13 11 25 4 11 19 15 6 4 6 24 5 13 9 11 25 23 6 25 3 0 13 11 20 24 20 20 
25 25 22 14 25 25 12 11 20 13 16 20 21 13 2 21 17 25 21 14 9 21 3 25 25 22 0 1 0 25 4 10 10 4 25 25 13 22 5 1 25 22 25 
2 19 10 23 25 13 2 7 19 13 1 13 22 18 5 21 6 10 23 25 8 23 14 24 1 25 7 19 6 25 9 24 10 12 24 9 8 14 20 21 19 15 
24 10 5 14 4 25 14 12 11 0 7 8 10 16 24 9 13 25 19 4 19 11 4 25 17 25 21 25 5 17 17 1 24 9 19 5 6 4 16 25 25 
8 24 1 4 13 15 13 14 20 25 2 6 22 20 0 25 4 21 23 13 15 24 20 15 16 25 17 0 15 18 25 16 18 8 5 25 25 23 8 15 
24 8 7 24 10 2 14 2 2 9 10 5 9 5 18 25 22 25 12 23 2 5 10 10 11 22 25 25 11 8 2 25 14 10 4 17 8 20 24 
10 1 23 25 25 8 24 9 2 25 3 18 17 13 14 9 14 15 0 14 19 25 16 23 6 1 13 9 3 3 24 12 25 25 21 15 10 9 
15 15 3 25 10 25 12 1 9 1 1 11 25 7 25 9 25 24 3 1 8 3 23 0 25 15 20 23 25 25 21 12 0 25 16 20 19 
7 23 21 20 21 25 18 25 25 7 25 25 11 23 0 7 0 24 25 0 12 16 14 6 20 25 25 3 5 23 25 15 13 1 7 1 
5 10 4 20 10 1 0 20 21 5 5 11 15 2 25 8 25 25 10 5 8 16 22 17 20 17 23 1 8 23 7 21 5 25 25 
25 19 25 11 3 10 10 6 20 24 6 21 9 25 25 25 20 4 25 3 25 21 14 5 14 19 2 1 25 0 13 25 11 1 
25 11 1 25 4 7 20 20 25 25 11 5 8 25 14 17 13 6 12 18 8 8 17 10 23 3 23 22 15 25 0 25 6 
7 8 24 6 12 3 12 9 8 7 22 25 16 6 25 7 20 16 25 22 21 25 25 11 25 10 8 25 25 3 14 1 
1 22 12 5 24 8 25 5 18 3 25 14 3 10 25 7 13 5 13 16 25 16 13 3 25 25 25 14 15 24 1 
1 21 1 25 5 10 0 25 8 13 25 1 10 9 12 14 16 25 13 6 0 2 25 14 8 10 25 4 14 25 
1 11 25 25 18 12 25 11 9 25 3 11 19 25 1 11 0 25 6 0 11 7 13 5 16 5 23 14 11 
1 25 0 21 0 18 0 8 15 25 25 14 12 5 7 22 20 10 20 18 24 25 24 25 25 20 1 5 
25 2 25 19 25 13 10 6 15 24 25 0 14 20 25 25 15 8 21 25 24 15 25 25 25 25 11 
21 10 25 24 2 25 13 10 22 6 25 13 17 25 17 16 25 25 14 6 12 4 17 25 23 22 
25 21 3 25 13 5 17 21 25 14 25 11 25 8 18 17 12 20 7 25 16 15 23 15 2 
18 25 25 20 0 15 11 14 25 25 18 25 10 13 25 21 9 0 12 15 25 6 3 22 
9 25 25 3 7 24 25 9 10 3 9 3 20 25 11 25 8 8 10 20 25 14 25 
25 17 8 10 19 23 25 22 8 14 1 5 1 2 13 20 21 24 25 17 25 11 
14 25 3 17 16 1 19 12 22 5 3 23 23 19 2 16 2 16 6 10 25 
15 18 15 25 9 25 13 25 25 25 16 25 22 21 25 21 22 12 4 25 
6 6 25 25 7 2 23 25 19 12 25 1 17 25 19 17 8 8 25 
5 25 25 16 12 22 8 25 25 11 10 19 17 25 14 25 11 3 
6 23 6 14 22 3 15 4 9 25 19 17 15 15 0 25 25 
8 15 25 13 10 24 25 25 3 0 12 18 25 16 7 0 
25 23 25 2 17 11 25 0 25 7 9 17 25 12 13 
16 5 12 19 25 15 11 22 10 25 21 12 8 3 
25 19 11 13 3 9 18 12 25 20 7 1 25 
25 25 14 25 25 7 14 9 21 12 19 3 
25 15 2 25 4 25 6 4 25 25 14 
25 23 25 16 17 2 0 23 17 0 
19 12 18 19 16 23 17 21 18 
25 16 25 13 17 20 0 1 
12 9 25 25 16 14 25 
16 25 11 18 19 4 
20 21 24 25 24 
24 17 25 3 
25 14 25 
19 24 
15 

22 18 24 10 25 4 18 4 22 3 17 0 19 2 3 6 25 20 2 7 0 15 6 25 4 25 8 19 25 3 17 15 9 25 25 23 17 21 25 18 12 20 17 6 13 18 20 4 15 
18 24 2 24 9 25 6 21 22 9 7 21 19 19 1 3 23 16 3 10 25 19 21 25 13 10 25 25 8 20 9 25 20 8 15 19 2 1 8 8 5 21 25 8 20 6 7 7 
0 12 17 10 2 8 16 6 24 20 15 17 17 21 19 21 12 16 9 0 10 11 7 13 14 3 25 25 14 16 12 5 22 25 22 4 19 1 8 3 9 12 25 1 20 25 18 
14 16 21 22 24 9 25 25 7 25 21 23 12 8 20 19 6 25 10 6 13 10 11 8 24 12 25 2 2 22 25 0 3 11 16 15 6 9 9 12 10 20 15 2 19 14 
25 25 11 25 25 19 3 3 12 21 12 17 18 2 21 19 16 3 24 15 17 15 15 15 23 25 10 22 16 22 19 2 11 4 24 13 0 12 5 1 25 9 2 2 3 
25 1 4 24 9 5 25 17 11 10 1 3 17 25 22 10 8 2 11 4 14 5 24 8 11 18 5 12 19 14 11 1 25 25 13 1 16 3 25 17 25 18 16 11 
25 0 23 5 14 20 15 25 21 3 25 25 3 2 23 4 12 21 10 12 14 16 3 25 15 0 18 25 19 5 10 25 6 11 2 5 25 25 19 25 9 9 3 
6 18 24 17 13 20 2 9 8 4 1 19 13 13 3 2 25 22 14 11 13 0 0 4 14 9 5 13 7 3 22 1 9 25 20 20 18 20 25 3 24 3 
6 14 12 25 0 1 4 25 6 15 3 7 11 20 8 15 18 16 25 10 11 25 25 19 24 6 22 8 21 9 17 20 11 25 25 16 1 11 23 19 25 
8 25 15 25 5 2 20 7 4 14 19 16 4 25 8 25 12 4 17 8 16 18 2 21 2 15 0 7 1 25 25 25 6 25 20 5 7 16 13 25 
23 15 9 24 12 25 17 16 3 7 17 9 8 24 16 14 4 6 9 12 4 9 6 13 17 2 19 6 4 13 14 4 5 2 12 24 18 20 10 
7 21 9 24 2 25 7 8 11 24 11 4 4 3 22 12 4 1 6 16 12 23 1 16 25 22 25 7 5 16 20 25 2 22 2 5 6 12 
6 4 3 3 13 11 4 25 6 25 12 12 11 20 25 24 0 13 2 8 13 20 25 10 5 14 11 25 25 12 16 13 15 14 12 13 23 
7 8 17 10 3 3 23 22 6 11 2 23 10 19 5 14 25 7 13 25 4 3 24 5 20 13 5 13 21 22 21 2 4 2 24 16 
15 25 16 25 2 13 13 0 19 9 19 1 21 22 23 1 23 21 10 2 25 2 11 10 3 19 1 23 10 1 23 4 9 25 20 
25 11 6 22 3 7 0 7 9 17 25 12 7 11 25 25 0 13 20 4 2 11 25 2 25 10 2 16 25 0 7 0 11 6 
25 19 12 25 19 25 9 21 25 25 6 8 21 23 10 16 20 24 3 20 8 19 21 22 1 1 17 15 21 22 25 20 25 
6 1 25 13 5 3 17 8 9 25 13 25 22 15 1 14 8 23 19 22 13 6 23 12 22 19 18 25 7 25 5 12 
9 25 15 21 0 1 25 3 21 21 8 25 3 25 25 5 1 6 25 20 25 9 3 23 25 23 25 21 4 3 23 
25 6 20 12 6 23 24 4 22 25 4 20 3 7 18 15 11 0 17 16 15 1 24 2 25 17 6 20 22 25 
25 25 13 4 18 13 24 3 23 24 10 0 9 3 25 11 20 19 15 25 21 15 24 0 5 11 23 20 15 
14 2 3 25 0 14 25 7 9 14 19 19 17 24 16 17 6 14 6 6 0 22 24 20 21 20 19 1 
3 13 11 7 19 18 23 0 24 14 1 18 11 23 17 14 17 15 3 16 17 0 20 4 11 17 4 
5 12 2 14 25 8 19 5 21 10 3 15 22 18 24 9 12 25 17 25 2 10 3 4 18 21 
2 23 18 11 25 10 10 9 13 2 12 14 13 3 17 10 7 10 20 24 9 8 25 2 16 
1 3 1 8 25 4 25 4 2 19 22 25 15 19 4 11 8 3 18 12 0 16 15 25 
23 25 15 5 3 20 25 25 5 2 25 1 25 1 17 9 25 3 4 15 25 12 18 
8 9 1 1 16 22 22 4 25 10 13 11 18 25 2 20 24 25 25 1 1 22 
15 25 10 19 25 7 9 17 19 7 15 12 9 7 25 19 2 10 16 11 25 
9 25 9 16 19 25 3 24 22 25 25 16 9 7 17 21 24 3 16 25 
13 12 23 21 6 3 25 21 20 7 5 25 16 16 10 25 2 5 7 
13 23 8 11 1 17 4 3 25 4 7 22 25 7 8 15 7 9 
0 25 25 9 20 4 25 18 7 7 2 18 12 3 10 0 6 
4 5 22 25 25 18 14 5 24 11 20 3 1 22 2 9 
7 9 15 16 7 18 25 20 13 25 9 5 14 24 25 
25 3 16 9 20 3 17 11 8 8 1 7 25 25 
13 7 25 7 8 25 25 1 13 20 20 12 19 
17 25 16 19 25 25 25 25 25 25 25 25 
25 7 25 25 25 25 25 25 25 25 25 
25 25 25 7 25 25 25 25 25 25 
25 25 25 25 25 25 25 25 25 
25 25 25 25 25 25 25 25 
25 25 25 25 25 25 25 
25 25 25 25 25 25 
25 25 25 25 25 
25 25 25 25 
25 25 25 
25 25 
25 

9 22 4 0 1 1 2 12 6 19 25 25 8 23 23 1 16 19 6 25 1 12 3 5 25 23 25 13 25 25 25 0 24 11 25 12 25 10 12 13 25 22 0 1 21 25 1 9 25 
14 19 3 13 22 9 1 23 21 25 19 25 21 24 22 25 16 1 10 10 20 3 6 20 19 19 24 23 25 25 18 1 15 8 25 1 4 14 25 14 17 9 5 25 17 12 15 8 
11 1 4 25 10 24 3 11 16 3 25 8 20 21 10 12 20 23 17 25 2 2 13 15 12 12 25 4 23 15 8 12 3 15 23 11 20 16 23 12 9 18 11 2 13 3 4 
19 17 25 22 18 22 5 7 5 11 12 9 25 8 18 5 4 0 25 25 19 25 20 21 21 10 19 24 25 11 15 18 19 16 7 8 25 17 20 13 1 0 0 16 17 1 
25 2 18 8 20 2 15 25 21 7 3 25 12 22 12 10 25 23 0 15 16 4 2 21 12 6 25 13 6 21 14 24 6 17 23 11 15 6 9 15 9 17 1 1 25 
16 16 21 9 12 14 22 16 17 14 17 25 0 19 11 7 11 8 4 17 11 20 16 1 19 0 2 5 9 2 25 6 17 15 23 9 25 23 1 1 9 8 2 21 
6 12 2 20 20 14 6 12 22 17 8 12 15 21 15 5 6 25 8 10 0 25 22 4 15 23 11 20 21 7 18 18 3 23 21 16 4 22 25 13 22 9 20 
25 11 13 9 9 25 10 22 7 3 25 25 25 6 24 25 25 3 10 0 3 10 1 0 6 22 5 5 11 9 25 21 24 9 22 25 4 10 9 7 25 11 
1 19 5 24 9 23 25 25 3 20 22 25 25 25 25 17 1 21 10 12 25 7 11 8 12 2 6 5 25 11 25 22 25 2 24 25 25 25 4 8 2 
24 17 2 0 20 17 14 22 21 5 1 13 16 22 23 25 25 13 12 14 9 4 22 9 25 25 19 25 8 4 13 16 25 14 9 24 21 20 24 4 
4 15 3 10 22 7 20 11 18 10 25 14 9 0 25 25 11 13 25 20 2 13 25 23 20 4 25 16 5 0 11 14 1 2 9 6 6 20 15 
15 16 25 11 11 25 25 10 1 21 6 22 20 10 0 0 12 14 19 8 3 25 8 25 23 8 13 6 2 24 23 10 25 23 10 4 4 24 
25 25 25 19 14 25 25 9 25 24 7 20 17 18 11 25 19 24 12 0 6 1 25 22 6 18 23 23 16 19 9 1 6 7 11 17 23 
2 16 9 17 10 25 11 2 11 8 5 24 25 20 25 25 1 25 17 24 13 4 21 6 3 14 3 25 9 23 2 1 21 13 25 25 
16 1 15 25 13 25 2 14 25 25 5 16 6 18 21 16 24 25 14 17 25 12 6 17 5 16 6 2 9 9 18 19 5 2 17 
15 10 10 19 6 25 6 14 16 7 15 25 15 22 11 15 25 23 2 13 3 15 10 23 4 0 15 18 1 1 24 22 4 14 
21 2 2 15 25 15 12 25 1 25 12 10 7 7 22 24 0 8 25 0 17 19 8 19 3 2 18 17 20 17 24 3 0 
14 18 2 20 22 19 8 13 19 5 19 2 16 25 18 7 1 5 5 23 19 3 25 8 25 1 20 5 5 5 25 9 
13 10 14 20 9 0 23 21 13 20 2 11 18 6 5 4 15 13 20 25 0 6 2 24 11 23 0 0 18 18 15 
3 3 5 8 12 23 22 10 12 16 10 15 6 1 25 25 19 16 11 9 5 11 9 0 15 4 11 22 8 18 
6 17 10 5 3 2 1 12 9 12 16 8 6 21 18 25 3 5 1 3 10 1 15 25 18 22 8 9 4 
6 25 4 14 21 12 14 2 21 17 24 0 10 20 15 18 16 6 20 25 22 4 17 12 3 1 8 22 
11 25 5 25 21 22 5 7 25 13 25 11 20 10 21 11 9 23 4 4 14 14 8 15 25 22 23 
25 6 9 11 21 12 14 23 4 25 8 4 18 18 25 0 13 11 6 25 1 18 14 10 22 16 
3 25 20 2 17 5 25 10 18 24 21 2 25 18 18 12 25 6 10 20 15 2 15 22 14 
8 15 13 5 25 25 2 25 0 18 16 0 12 14 25 20 25 19 5 11 8 8 1 4 
1 4 10 16 23 25 3 25 1 8 12 0 4 12 15 21 1 0 7 15 13 23 25 
15 3 19 8 22 25 25 11 14 10 4 19 5 10 6 23 19 16 24 18 14 11 
13 10 25 1 17 23 8 13 25 15 22 11 21 15 0 16 11 3 7 25 2 
6 10 2 0 23 16 9 11 0 13 0 24 6 18 18 7 23 12 1 11 
9 3 13 5 10 5 2 25 23 4 23 25 0 20 19 8 18 22 3 
23 22 2 22 8 13 7 6 3 6 13 12 18 14 17 21 19 7 
23 1 8 6 15 12 9 7 12 20 16 23 5 11 19 24 12 
13 5 12 0 20 25 24 7 18 9 7 5 23 0 11 23 
19 13 12 16 2 9 9 1 4 17 25 16 3 25 4 
21 9 15 0 4 20 17 18 4 9 18 16 8 25 
25 25 25 25 25 14 25 25 25 25 25 25 25 
25 25 25 25 25 25 25 25 25 25 25 25 
25 25 25 25 25 25 25 25 25 25 25 
25 25 25 25 25 25 25 25 25 25 
25 25 25 25 25 17 25 25 25 
25 25 25 9 25 25 25 25 
25 25 25 25 25 25 25 
25 25 25 25 25 25 
25 25 25 25 25 
25 25 25 25 
25 25 25 
25 25 
25 

10 18 14 24 23 21 10 10 1 4 5 22 23 0 5 21 13 11 7 14 4 13 25 13 0 9 3 20 25 15 19 21 25 21 25 24 19 25 13 6 15 5 10 21 5 3 18 4 12 
15 25 10 24 9 24 13 21 20 3 12 15 12 3 25 9 25 16 7 7 12 17 8 24 19 6 18 4 25 11 9 25 19 0 1 13 0 6 25 4 25 14 18 25 19 4 18 6 
16 16 0 22 8 21 7 25 1 17 14 12 0 15 15 12 13 13 5 10 5 6 14 1 15 15 16 6 11 4 2 19 18 6 14 10 6 15 2 16 25 22 21 8 20 25 25 
0 22 25 25 19 19 3 24 24 7 25 13 6 3 17 13 21 0 1 6 25 8 16 25 16 0 15 14 0 22 22 2 7 25 22 16 17 2 25 19 25 19 16 2 20 1 
13 14 4 19 12 10 24 25 0 20 22 15 7 6 25 5 9 20 5 11 15 3 23 8 11 11 1 19 16 19 4 3 10 25 20 5 0 14 25 14 23 24 16 25 25 
15 18 12 13 4 3 5 7 1 3 8 7 9 5 2 25 25 15 23 6 25 15 25 18 19 24 2 24 19 5 19 18 10 17 17 21 3 7 5 8 10 4 18 8 
21 3 9 21 25 16 1 0 19 17 0 5 20 25 25 2 10 19 9 17 4 23 8 6 14 3 5 14 13 22 11 0 1 16 18 20 22 21 8 11 20 12 21 
0 13 13 20 20 5 25 9 7 1 16 22 19 25 9 0 1 25 2 9 0 25 0 10 25 19 25 23 25 22 25 16 3 24 13 20 9 17 11 20 20 0 
9 11 23 25 18 10 25 14 25 2 22 9 2 6 2 25 3 6 21 25 16 25 2 25 25 19 25 3 20 8 5 6 18 13 4 17 6 13 6 6 2 
25 9 25 4 2 6 25 21 25 25 25 20 10 2 21 21 11 16 14 24 24 5 10 1 25 25 15 22 11 0 14 0 2 25 15 3 16 2 18 14 
3 25 14 2 25 19 9 22 21 3 17 25 24 13 25 25 4 8 18 22 15 10 25 2 5 12 6 12 25 25 25 6 25 25 24 15 25 20 24 
25 1 11 17 6 19 9 7 15 17 25 17 24 25 6 25 9 5 25 4 2 25 16 13 25 17 3 9 17 6 10 17 22 13 0 25 23 7 
25 25 24 6 7 11 16 17 10 8 17 25 16 0 25 13 9 25 25 1 2 25 25 4 15 4 22 20 20 20 25 2 6 17 6 17 25 
25 1 2 20 15 25 14 14 5 20 25 24 19 2 25 8 25 12 0 9 3 25 20 10 18 25 6 25 1 25 8 14 13 20 21 21 
1 25 21 14 15 25 3 25 22 25 4 16 18 18 14 25 0 25 2 11 16 21 24 25 12 21 13 1 25 19 24 25 16 11 17 
25 19 5 0 5 0 8 1 7 24 13 7 21 25 25 18 8 17 18 9 16 7 12 24 11 22 5 16 14 25 5 13 14 16 
25 24 6 11 12 25 2 25 13 11 23 12 17 17 18 17 24 6 19 12 25 0 0 9 8 25 24 6 25 25 25 16 20 
25 8 3 12 9 6 12 10 8 17 25 21 4 3 25 4 20 25 12 18 24 0 25 1 11 14 23 15 4 23 23 4 
1 23 1 2 9 20 4 17 21 13 25 25 21 17 25 18 22 3 22 12 0 24 25 21 3 12 24 25 19 18 1 
0 25 23 25 2 9 25 18 7 23 18 9 11 14 25 11 4 5 7 3 25 19 14 4 21 25 13 19 1 15 
12 23 5 14 25 0 19 1 25 0 11 11 24 10 6 3 25 6 12 25 9 13 12 17 2 19 1 3 25 
15 12 11 25 25 18 2 15 19 25 11 13 19 0 23 2 12 12 3 21 9 25 2 18 8 19 3 6 
9 20 24 25 17 15 5 7 24 13 25 22 22 19 24 13 15 25 25 13 11 17 1 10 19 25 18 
20 2 22 19 6 12 13 2 10 19 6 5 21 13 25 3 10 7 8 10 19 11 0 7 4 3 
10 4 25 11 2 10 0 6 20 7 12 24 25 23 25 25 23 0 25 6 22 19 25 25 25 
25 25 25 25 25 13 14 13 20 25 17 25 25 17 0 17 14 24 3 25 24 13 17 25 
25 25 11 25 2 25 0 25 11 14 6 14 5 22 8 18 25 6 8 23 20 18 19 
3 7 2 15 19 3 2 25 25 25 6 19 24 25 23 24 10 17 1 1 25 24 
3 25 14 16 17 0 14 24 25 16 18 8 25 2 24 3 1 20 19 25 17 
17 25 6 1 22 20 21 20 24 25 25 4 25 6 25 25 2 25 6 6 
5 25 5 25 25 19 18 8 2 1 25 9 25 15 25 7 25 25 25 
4 25 3 15 25 25 7 25 11 25 17 25 18 12 21 25 13 7 
25 10 11 1 22 10 0 14 25 8 16 16 25 24 18 7 25 
1 25 21 16 9 9 17 8 6 24 25 18 19 6 25 0 
15 2 18 7 4 2 1 25 3 9 8 10 22 25 13 
16 25 11 9 17 15 14 25 10 20 2 0 25 3 
11 1 25 3 8 25 25 12 18 0 20 18 12 
5 15 4 25 21 13 25 19 15 9 25 25 
25 7 19 18 11 25 25 2 12 4 3 
1 9 25 23 25 25 16 9 25 18 
18 7 21 25 2 9 3 4 17 
23 24 0 0 1 25 19 7 
4 4 25 25 6 11 25 
5 4 16 7 23 7 
3 25 14 6 22 
4 22 20 12 
3 18 24 
25 25 
7 

21 16 17 4 19 3 25 6 3 25 19 20 0 20 21 7 24 8 5 11 12 23 10 3 25 24 25 16 12 2 16 14 25 21 6 9 19 10 23 1 3 9 25 14 2 13 22 6 25 
1 1 0 9 25 17 5 18 25 10 25 10 25 21 19 8 25 23 2 18 17 17 25 25 25 24 1 21 1 1 0 11 23 25 10 22 11 25 4 14 14 10 25 3 25 17 20 10 
19 11 21 25 3 25 25 24 25 7 0 12 25 15 7 7 18 25 1 9 13 25 25 25 12 20 5 18 10 19 8 4 15 14 17 2 3 16 12 8 12 25 16 0 8 12 17 
6 7 18 23 25 21 1 18 10 25 8 6 19 9 24 23 1 21 13 22 24 16 9 12 0 16 13 13 4 17 25 24 8 8 12 21 1 6 7 24 23 5 22 16 6 21 
3 0 20 5 6 3 25 2 13 1 3 17 17 25 25 25 12 25 19 7 14 12 5 0 9 5 3 5 8 5 15 25 13 1 13 14 18 14 17 14 12 10 14 3 4 
9 24 0 14 25 11 7 22 17 15 1 18 0 19 25 14 25 25 17 19 1 5 2 24 14 23 11 1 21 16 14 4 25 9 12 6 25 2 10 23 0 25 25 21 
11 25 16 4 6 2 18 14 13 12 16 13 13 22 3 11 15 1 18 3 4 20 7 25 25 24 18 25 1 25 4 19 8 12 23 10 25 1 16 17 25 15 20 
25 13 8 25 25 23 17 10 20 15 22 18 12 7 17 22 21 3 20 4 9 4 12 11 0 25 24 6 10 3 15 19 18 25 0 22 3 6 4 20 1 18 
5 9 24 23 6 12 2 11 21 24 2 19 13 16 15 20 18 25 9 25 1 17 24 10 24 25 25 18 14 19 5 17 7 21 10 25 14 19 21 25 6 
21 8 8 15 5 7 21 24 11 25 15 21 2 4 21 15 8 25 10 18 17 16 2 10 25 0 21 0 7 25 9 7 22 18 16 15 8 14 20 16 
12 15 25 16 17 10 8 10 19 20 23 16 3 6 13 10 14 5 10 12 25 1 23 25 8 15 11 22 25 25 9 7 13 11 11 19 25 0 21 
20 15 20 13 2 25 17 5 25 24 21 13 10 0 1 25 23 14 18 24 3 19 22 21 21 0 9 15 15 9 0 10 18 16 12 14 3 4 
25 24 15 9 3 0 25 11 14 6 14 12 3 4 24 22 10 14 25 25 16 23 3 6 5 13 1 25 24 14 3 17 17 19 3 17 25 
0 25 22 15 18 25 14 18 7 1 8 24 9 17 20 25 25 6 3 16 6 19 23 17 11 20 11 22 6 21 9 10 7 20 24 25 
10 9 25 12 23 17 5 9 16 17 7 11 25 14 25 5 25 24 23 3 23 11 17 13 2 25 6 25 20 1 17 25 12 21 2 
15 2 0 5 3 15 23 25 18 25 25 25 25 6 23 1 8 4 8 12 6 25 1 18 14 13 25 25 9 24 23 3 10 5 
22 13 16 9 4 16 23 13 25 20 7 23 5 25 20 24 25 23 25 12 0 23 25 0 15 22 18 5 25 19 19 8 22 
19 25 16 8 22 14 21 18 16 6 25 13 0 10 3 3 3 3 13 7 16 14 18 18 25 19 25 25 1 8 19 11 
7 20 15 21 1 5 25 25 20 22 8 25 16 1 16 17 18 7 23 22 7 25 17 22 19 25 16 3 21 12 25 
25 7 8 25 21 22 4 25 5 5 25 0 17 18 20 24 25 11 9 25 16 12 9 2 4 9 10 25 13 22 
16 16 4 12 17 14 16 14 15 23 2 4 23 25 23 25 22 17 9 6 14 3 14 25 19 25 25 25 8 
3 25 9 16 16 7 3 13 16 2 25 25 14 16 9 8 25 25 22 8 10 13 0 13 22 8 25 25 
25 0 25 23 16 25 0 25 6 22 6 9 25 2 15 23 0 25 25 11 16 25 22 3 25 0 13 
13 25 7 14 13 6 1 25 1 21 17 25 15 23 23 6 15 11 18 4 25 21 23 11 25 15 
11 5 25 25 24 24 3 2 20 24 25 17 8 14 25 25 18 18 19 1 25 21 22 0 25 
25 10 0 25 19 5 22 21 7 1 22 22 11 25 25 25 10 21 4 0 23 22 13 17 
15 25 11 25 17 25 2 25 23 24 25 2 3 7 22 25 11 18 19 22 15 19 12 
0 18 25 25 17 25 5 25 25 9 17 25 25 13 25 25 8 17 25 12 0 7 
23 0 3 11 22 8 25 0 2 5 25 25 16 9 14 25 2 13 9 25 19 
25 17 16 25 16 25 10 14 20 22 8 25 18 19 23 3 14 20 25 25 
23 5 22 25 8 19 0 8 5 8 7 18 17 17 4 17 8 25 25 
13 13 21 8 22 21 8 9 7 12 25 11 25 9 10 2 7 12 
18 8 25 25 25 25 12 25 11 12 6 20 19 25 10 22 25 
15 25 10 25 15 25 25 11 25 15 6 8 0 23 17 19 
6 9 16 25 25 0 13 2 24 25 8 9 16 17 4 
24 20 1 11 21 18 4 8 10 6 25 10 12 25 
12 18 18 21 3 25 25 25 20 25 25 9 2 
16 25 4 25 17 8 10 4 2 24 20 19 
15 25 19 17 13 2 2 13 8 25 25 
25 25 25 25 25 25 18 12 25 1 
18 11 3 10 20 0 0 12 25 
11 7 25 25 14 24 6 20 
14 25 3 25 25 23 18 
0 12 0 24 22 17 
25 2 11 25 25 
14 6 13 16 
3 25 25 
25 7 
25 

5 24 6 3 20 8 17 19 24 14 13 19 10 7 15 5 9 18 1 25 20 25 11 7 11 23 13 12 12 9 25 20 23 7 24 25 6 3 25 1 17 8 10 4 19 8 25 9 7 
23 3 24 25 5 21 0 12 3 10 3 7 5 8 9 6 1 13 15 20 21 6 2 3 11 0 11 8 7 2 20 10 0 17 2 5 0 10 13 0 5 25 20 13 22 18 13 15 
23 3 18 21 25 21 19 25 3 19 25 2 25 5 20 1 11 14 24 22 5 2 1 21 10 8 6 25 5 0 17 16 4 6 22 1 1 8 20 25 25 17 13 2 5 9 4 
5 25 16 13 21 7 12 1 13 25 21 10 19 17 11 10 24 25 1 14 18 17 0 8 19 15 20 17 2 11 2 8 11 22 24 1 5 4 21 25 6 17 8 22 9 25 
14 18 0 17 18 7 11 14 11 3 10 15 1 17 1 14 8 25 20 10 15 18 14 8 4 25 16 0 0 23 0 10 6 18 22 4 18 17 8 22 14 13 14 16 0 
7 18 10 13 8 0 20 11 25 8 25 2 19 25 4 1 8 2 13 3 16 22 12 7 1 24 15 25 7 25 25 6 2 10 18 0 10 25 11 25 21 8 13 4 
15 17 16 0 12 14 16 12 1 25 23 4 22 25 16 4 25 7 25 9 3 25 7 5 16 25 19 0 23 20 10 18 2 0 21 19 25 24 20 25 7 22 8 
17 11 20 14 21 4 14 17 14 16 20 22 7 19 12 1 24 10 8 20 18 18 16 21 7 25 4 5 0 21 19 13 16 13 3 25 15 21 25 5 11 12 
13 11 2 1 25 23 10 23 19 15 7 19 19 7 23 3 11 2 12 17 8 0 21 24 1 0 18 2 8 1 23 10 13 19 7 18 9 9 4 4 7 
23 25 8 9 25 13 17 22 25 22 14 15 19 18 13 19 10 5 18 10 25 18 19 13 25 4 0 1 18 8 25 11 20 25 15 18 25 23 7 16 
25 2 6 3 22 3 9 21 0 11 25 18 5 22 1 12 19 11 4 9 19 23 13 22 4 5 25 7 5 19 5 25 21 14 12 25 17 5 7 
14 6 17 25 20 7 17 25 18 25 21 16 9 11 10 3 11 25 24 25 25 1 18 9 12 13 0 18 4 6 25 3 16 19 1 15 25 13 
14 3 11 23 4 15 3 9 19 4 5 21 1 0 10 7 10 11 16 4 4 25 3 25 14 21 10 25 25 19 9 21 18 23 5 12 24 
6 10 14 15 3 14 25 3 12 18 25 7 8 5 20 14 3 23 13 15 6 11 17 13 16 24 14 11 2 10 16 4 14 15 16 25 
25 25 16 25 4 18 11 7 18 25 22 1 18 17 11 15 21 22 19 7 0 4 9 23 14 7 0 20 5 2 14 6 9 0 14 
19 20 0 24 25 7 15 12 6 20 10 21 22 20 7 13 0 25 2 15 2 7 24 25 19 14 10 10 22 25 8 2 1 1 
11 22 18 8 14 3 2 25 17 20 25 12 13 20 25 21 14 13 1 9 0 3 25 22 8 11 18 2 15 21 21 18 23 
25 25 17 23 15 23 25 20 1 18 19 25 11 24 2 4 25 2 25 14 25 9 0 1 1 25 16 25 25 11 25 15 
12 18 1 12 15 23 4 15 21 6 13 18 25 12 4 7 3 20 11 17 4 21 25 9 18 0 25 21 23 25 12 
3 10 16 23 1 25 25 3 15 6 15 15 3 24 11 14 10 25 3 25 5 18 20 25 6 22 10 24 10 25 
25 13 0 1 25 10 8 14 22 25 4 13 23 25 1 7 23 12 17 24 12 11 3 6 20 11 11 19 25 
15 25 25 6 10 24 14 16 12 0 4 13 4 17 25 12 2 7 8 21 25 15 2 2 10 5 13 11 
24 18 0 19 17 6 24 17 13 9 8 9 9 1 15 19 17 25 25 4 4 9 7 25 4 8 13 
8 25 25 25 5 25 25 23 20 11 25 7 25 6 6 20 25 25 1 25 25 1 12 25 20 3 
9 18 6 10 17 21 18 25 0 4 25 25 25 12 23 12 22 23 25 6 14 24 25 25 21 
25 25 25 25 17 16 5 25 9 15 23 2 20 23 20 25 4 7 7 20 25 17 13 23 
15 4 25 12 25 25 23 18 1 25 5 11 20 8 25 25 9 25 7 16 25 19 6 
6 22 23 11 25 25 25 0 25 7 25 20 19 5 22 25 23 25 16 15 1 7 
25 25 23 2 25 16 9 25 9 3 25 17 3 25 25 6 25 21 25 18 25 
0 25 25 18 9 25 25 20 18 2 2 12 13 18 25 19 1 7 8 13 
25 18 25 24 25 25 14 20 25 18 25 6 19 25 15 2 12 25 25 
3 24 1 10 8 4 14 20 5 2 14 25 25 25 25 25 15 18 
3 25 25 8 0 5 6 25 2 25 25 25 5 3 25 23 25 
10 24 25 19 6 25 25 25 8 11 8 25 25 23 22 25 
19 25 25 3 17 17 25 9 21 6 25 4 8 25 25 
25 4 25 7 18 1 25 25 25 25 18 16 20 21 
19 16 6 18 21 25 21 23 20 8 15 25 22 
4 0 13 1 22 25 25 25 4 21 12 5 
15 13 16 19 3 25 25 25 11 5 10 
1 16 17 25 25 22 11 18 25 2 
25 2 6 4 25 4 9 9 25 
25 25 16 25 25 13 12 2 
25 25 25 25 14 23 25 
25 25 19 25 25 16 
17 25 25 25 1 
25 13 15 6 
13 11 25 
6 17 
25 

19 15 20 25 20 25 16 25 19 18 5 19 22 17 5 16 11 18 22 6 8 17 10 24 12 25 18 4 0 2 8 17 20 10 25 13 20 0 1 8 16 11 25 13 24 0 14 16 0 
22 24 12 20 25 3 16 4 18 20 13 12 7 11 14 7 0 10 5 14 8 1 6 25 21 11 19 13 9 23 5 25 20 15 12 13 1 10 25 24 2 19 9 15 15 18 9 25 
11 11 22 14 22 13 25 10 20 22 20 10 9 8 7 0 12 0 4 7 5 11 22 11 4 25 11 25 17 15 7 1 3 21 22 8 19 18 14 22 7 24 22 5 18 3 17 
11 16 4 12 8 19 20 2 13 4 5 9 25 7 19 25 6 16 15 15 25 5 15 25 11 12 8 18 0 0 19 10 9 8 1 12 22 23 14 25 25 11 11 8 9 23 
4 9 10 17 3 3 25 8 1 3 18 23 18 24 25 7 12 2 0 4 7 25 25 5 19 17 13 21 19 20 5 5 25 20 8 12 3 18 25 22 10 7 21 2 19 
1 5 24 1 9 17 8 5 22 19 11 9 12 24 8 4 2 5 11 22 4 23 21 19 21 13 19 20 22 3 18 21 22 13 3 7 1 12 2 13 10 25 4 6 
2 15 24 10 25 12 6 4 22 1 0 24 0 24 20 8 21 15 19 9 1 25 8 0 3 22 19 16 4 17 2 18 5 7 13 25 3 15 25 14 17 19 25 
3 12 5 7 8 19 5 25 3 17 15 22 5 23 14 19 25 1 3 1 24 2 14 12 23 6 25 9 5 4 12 8 1 11 21 22 21 25 7 20 24 10 
0 14 16 19 22 14 14 15 25 24 9 16 10 2 19 6 16 0 15 10 22 16 14 8 23 25 1 9 25 20 25 16 24 13 19 15 21 2 20 8 3 
11 24 15 11 10 22 19 21 4 8 20 21 22 5 14 9 6 0 12 1 6 8 7 12 25 13 10 25 4 21 21 25 19 25 25 24 1 15 16 0 
2 25 14 9 25 22 8 10 1 25 6 14 20 8 7 1 6 4 6 21 8 25 20 1 16 25 25 19 5 15 13 12 12 4 17 9 18 23 14 
15 7 6 23 9 22 13 8 14 23 8 0 1 2 20 25 19 14 24 14 6 18 8 14 23 17 9 5 25 9 25 18 12 6 0 15 9 11 
11 9 25 23 24 18 7 4 11 4 8 13 23 8 25 11 5 19 14 16 16 8 10 25 10 8 6 22 5 25 0 25 5 11 11 11 9 
25 22 6 12 17 1 13 9 25 10 3 4 22 6 18 1 17 25 13 25 13 9 0 14 25 22 0 12 25 20 7 4 16 6 19 1 
23 18 10 24 17 16 8 18 22 17 5 3 6 14 4 21 7 16 20 3 12 4 6 13 23 18 23 5 22 15 8 15 20 9 25 
18 14 1 15 21 11 1 16 11 1 19 25 17 1 2 2 4 16 4 7 16 11 18 15 1 8 17 12 4 16 4 12 0 15 
25 7 25 20 5 0 6 3 17 2 25 16 25 6 18 25 22 25 11 22 14 16 1 17 5 25 4 0 14 5 12 25 25 
25 25 25 17 10 15 14 12 19 25 25 18 25 24 25 0 8 12 25 2 8 11 17 0 23 13 25 19 23 25 25 21 
22 16 16 11 20 18 13 14 9 25 25 25 10 25 19 14 10 25 25 25 4 25 25 25 0 25 25 7 6 25 25 
17 8 23 21 2 20 3 11 25 22 25 12 6 6 25 25 25 24 4 4 12 17 10 3 25 1 23 25 25 0 
20 25 25 9 25 15 25 23 25 22 18 13 5 25 7 25 1 24 15 7 25 3 0 1 25 25 22 7 12 
25 17 25 8 9 3 25 1 5 18 14 14 25 2 25 15 5 20 25 25 25 25 12 25 3 4 12 15 
25 21 13 5 23 2 25 12 25 14 25 15 25 11 13 5 21 25 25 10 25 25 25 0 24 6 0 
22 25 18 3 4 13 3 9 22 14 3 18 23 25 12 25 25 21 25 25 13 25 10 21 20 2 
12 25 25 25 25 12 22 25 0 2 25 25 5 5 9 9 5 25 6 25 25 12 3 25 21 
4 9 25 8 8 14 25 25 25 14 18 25 15 25 14 22 2 10 25 14 25 25 25 25 
20 5 25 22 7 12 1 3 5 17 24 14 25 0 18 11 20 2 25 25 11 22 25 
6 25 11 7 25 11 21 8 25 9 10 20 3 6 0 21 0 15 13 25 7 24 
25 9 20 25 18 5 16 25 21 16 25 2 16 23 2 15 6 1 25 1 1 
10 11 20 25 16 19 14 25 12 25 25 17 11 25 25 24 25 25 22 5 
23 22 5 23 25 18 5 25 11 16 1 5 15 14 17 12 2 13 25 
0 24 18 9 2 25 25 25 25 14 22 25 0 8 8 25 5 24 
10 24 5 25 19 14 5 18 13 25 10 18 13 10 3 19 11 
25 1 25 18 24 15 14 20 24 25 17 25 25 8 23 15 
1 4 25 13 17 18 25 10 25 19 25 21 4 9 7 
2 13 12 8 25 25 7 24 14 25 25 24 25 25 
25 25 25 21 11 24 14 25 22 10 2 5 25 
11 15 15 4 25 25 3 12 9 17 25 7 
17 25 9 19 21 24 25 4 12 25 25 
17 1 5 0 25 14 5 25 12 14 
25 21 25 16 25 17 25 17 5 
17 6 16 23 3 25 20 3 
10 10 12 25 25 9 25 
10 25 20 11 25 16 
25 19 13 6 25 
4 25 12 25 
4 7 13 
11 22 
25 

3 16 10 18 20 7 6 18 10 21 7 25 25 24 3 11 14 10 4 13 4 21 12 19 10 10 22 23 5 6 3 17 14 25 25 20 25 16 13 3 18 25 25 14 7 25 13 25 25 
23 12 25 17 25 24 25 1 25 10 2 18 0 15 25 11 4 13 5 17 5 4 16 25 4 25 24 25 11 25 25 2 16 25 8 25 12 25 7 16 15 19 19 25 25 4 3 1 
3 11 9 25 9 17 25 23 4 1 23 25 22 11 9 25 20 23 23 9 3 18 1 4 6 21 25 0 11 14 25 2 17 25 9 11 1 21 9 9 13 18 12 8 16 25 17 
2 19 25 11 0 13 25 25 10 7 10 10 5 7 25 25 16 23 21 19 10 9 1 22 24 25 3 14 7 22 10 4 11 5 4 25 8 25 0 1 14 13 3 21 25 10 
12 7 22 25 3 25 5 25 11 7 1 20 15 20 22 6 23 25 19 24 1 11 25 2 25 7 16 24 4 9 25 20 24 25 14 25 16 25 1 0 4 0 6 25 25 
9 16 3 12 0 25 12 18 20 18 8 25 14 5 2 25 21 20 16 0 10 11 20 12 23 23 17 25 1 8 23 7 25 25 10 7 13 25 6 9 15 0 23 1 
20 9 2 21 19 10 17 4 23 25 2 23 2 22 13 0 18 24 22 3 18 5 9 6 17 19 10 20 15 12 25 19 25 10 3 18 24 24 8 2 24 15 15 
6 14 25 20 20 10 25 17 2 13 2 17 1 1 23 4 18 11 25 25 22 4 13 19 25 1 9 25 6 15 7 18 5 17 0 0 25 19 13 15 18 8 
2 10 0 25 18 0 25 17 18 14 13 3 19 13 14 13 20 3 12 14 25 17 16 25 5 25 25 23 17 2 14 18 10 25 25 6 16 14 25 19 25 
7 5 21 23 25 10 6 21 23 25 8 23 14 3 9 0 25 4 23 25 25 2 23 25 18 5 15 12 13 16 11 25 14 10 4 3 12 14 23 21 
8 1 13 25 10 13 5 9 23 7 15 25 1 25 4 25 4 13 11 22 24 11 25 25 19 17 25 18 25 17 16 25 9 24 24 9 21 25 14 
19 25 19 24 0 18 22 0 12 17 21 4 3 5 9 2 2 3 19 25 25 9 9 25 10 18 25 3 19 17 1 15 23 25 8 13 4 1 
22 18 2 12 25 24 20 12 22 3 24 14 20 5 13 4 8 23 3 17 2 4 24 20 22 14 9 24 9 8 17 8 3 1 14 25 19 
17 25 3 25 1 13 12 10 6 9 24 1 18 16 12 21 1 13 21 2 7 4 11 0 5 1 25 22 11 10 8 25 10 21 10 6 
25 12 10 11 23 7 0 15 14 6 16 23 16 15 16 9 22 2 14 22 5 25 11 13 25 24 3 13 22 19 13 25 11 22 22 
1 20 24 10 11 25 17 3 3 25 10 5 23 9 15 7 25 3 17 19 16 19 16 17 10 21 23 3 25 18 4 4 10 25 
25 4 24 25 11 25 4 4 25 22 25 23 8 25 4 16 21 4 24 4 25 3 15 24 1 25 21 25 24 23 3 7 5 
12 3 14 4 22 7 25 15 3 10 25 8 3 20 12 19 25 25 1 6 25 14 15 1 16 10 13 21 20 16 0 25 
9 21 1 6 21 23 11 10 17 0 22 14 19 20 7 25 5 9 24 5 2 13 3 25 25 23 25 5 1 4 21 
22 22 18 25 11 4 6 8 3 24 20 25 0 24 18 22 0 10 18 19 0 18 22 5 23 21 7 14 8 0 
19 2 17 25 1 9 21 25 0 15 16 10 25 8 9 25 17 5 21 21 15 25 2 7 24 6 8 6 25 
17 4 25 15 5 25 20 25 19 13 1 4 20 15 3 19 11 25 8 21 10 10 25 22 9 25 0 25 
8 7 7 5 16 4 18 4 16 13 10 25 25 23 25 12 21 16 1 25 8 7 23 22 18 6 21 
23 14 25 13 9 11 25 7 25 25 11 19 10 0 2 9 10 13 11 14 25 18 15 6 10 9 
18 20 25 6 25 2 17 23 6 0 16 3 19 24 6 12 8 16 6 2 23 9 25 25 24 
12 16 9 15 24 1 25 12 25 12 25 23 20 7 8 23 17 23 9 14 17 14 15 14 
25 11 4 20 25 15 25 25 8 13 9 3 20 15 25 24 24 3 13 13 10 17 17 
14 5 16 8 25 10 17 11 3 5 13 0 4 19 3 0 0 7 9 25 25 7 
20 5 5 25 7 0 12 15 5 8 25 25 17 8 1 0 19 0 20 8 17 
18 25 25 14 25 21 25 25 17 3 25 25 15 8 14 25 11 13 20 22 
25 25 15 25 16 6 14 2 10 25 25 25 21 25 14 4 11 10 25 
21 25 17 5 11 25 8 17 17 16 25 20 25 25 19 25 8 17 
25 25 25 13 22 7 14 25 2 25 12 24 25 25 21 20 15 
1 14 14 20 25 13 21 23 12 21 12 25 16 25 22 10 
24 19 15 25 2 8 24 12 25 4 25 23 13 18 5 
7 2 23 1 4 8 25 20 3 24 8 14 25 24 
25 1 25 5 22 25 14 25 6 16 4 25 19 
18 16 2 8 11 25 25 9 25 9 0 25 
25 5 25 8 25 23 25 25 9 14 7 
0 1 20 7 16 25 19 19 25 4 
8 15 11 25 1 23 4 23 0 
25 10 25 10 5 22 5 19 
15 20 25 25 13 3 5 
2 25 25 25 3 0 
25 22 5 21 25 
25 6 24 22 
5 9 15 
6 2 
25 

22 6 9 25 25 17 5 9 19 6 14 5 18 22 9 25 0 4 1 25 12 10 16 21 10 24 18 0 2 3 22 25 1 6 11 0 7 22 2 9 19 13 18 24 3 8 1 14 18 
24 8 7 5 16 15 2 19 0 2 17 1 19 24 21 25 9 25 8 18 2 22 15 25 10 14 21 23 9 8 11 25 20 2 22 3 25 12 11 6 21 4 1 16 1 5 13 2 
23 7 7 9 2 14 9 24 4 25 19 15 16 20 21 3 13 23 25 18 24 15 11 12 25 3 0 24 12 18 21 17 19 19 1 21 14 0 8 24 19 14 8 11 23 2 25 
18 25 5 5 25 18 10 4 7 10 16 25 11 14 25 9 21 8 25 5 25 25 20 16 25 11 24 10 14 1 20 6 10 11 13 25 17 15 3 6 17 23 5 19 24 12 
23 16 19 25 23 24 3 4 23 9 25 13 13 18 20 20 0 24 6 3 16 4 24 7 24 14 23 10 25 3 4 16 0 11 5 13 4 17 18 22 6 16 6 4 0 
7 8 20 22 25 5 19 13 25 9 2 7 10 16 12 13 7 9 6 24 12 15 13 1 24 10 14 0 12 23 19 1 6 4 15 3 25 1 14 8 20 0 17 20 
15 12 5 20 19 20 22 8 18 8 23 20 25 1 4 17 8 6 19 2 5 11 19 7 7 8 7 18 8 14 1 25 7 3 9 10 21 20 25 25 19 6 16 
18 25 25 1 18 19 20 7 0 13 9 14 21 16 17 10 25 25 23 7 0 2 7 19 16 9 16 21 10 2 12 14 24 14 12 12 19 0 6 15 21 14 
25 23 0 6 18 24 13 19 9 17 15 11 6 20 19 20 25 0 25 6 25 4 7 25 4 17 9 5 3 25 25 19 14 6 6 25 14 14 12 3 21 
9 1 13 18 4 11 12 18 4 7 8 10 13 8 10 11 25 16 12 3 18 25 25 8 25 4 21 7 4 23 19 9 23 15 0 7 19 14 25 13 
15 10 0 11 6 20 17 23 25 9 17 24 5 24 17 13 8 12 10 15 5 20 0 6 14 17 22 20 7 9 2 6 10 5 0 17 15 25 6 
25 6 10 16 25 11 9 11 3 21 9 24 23 21 5 25 25 5 9 9 1 13 22 15 0 25 21 7 5 25 1 16 12 11 6 6 15 17 
14 11 5 5 7 0 13 7 6 25 15 11 25 22 15 25 6 25 5 2 18 22 0 21 19 9 13 8 1 10 13 25 21 25 15 14 7 
25 22 10 24 3 7 24 11 2 12 13 18 8 23 24 22 25 21 5 2 18 23 18 12 24 19 0 16 25 23 13 6 9 21 24 7 
18 17 12 10 10 5 6 4 5 4 12 0 6 13 20 2 9 13 16 4 9 10 21 24 0 20 9 5 25 21 3 22 25 1 17 
9 24 6 25 4 4 9 18 25 21 9 25 11 18 2 6 8 2 14 1 7 23 4 2 12 2 23 10 18 3 20 5 10 15 
17 7 21 25 5 9 23 25 14 6 17 21 23 11 21 8 25 6 4 2 24 23 25 3 12 25 4 15 17 25 2 25 13 
25 24 20 25 8 11 16 12 9 7 18 18 25 2 18 18 21 4 18 18 10 13 10 3 3 10 19 16 13 0 13 20 
25 1 2 3 1 8 18 20 1 17 21 4 14 1 25 9 13 1 25 17 7 12 16 1 25 17 20 15 6 24 19 
25 13 5 25 17 22 25 3 16 25 23 25 9 24 19 25 14 12 25 25 25 25 11 25 2 25 12 4 22 23 
11 4 23 7 8 1 9 25 17 25 25 8 25 6 7 25 0 25 25 25 25 0 6 25 4 12 25 3 24 
5 25 16 1 18 0 5 25 14 18 21 14 25 25 8 25 23 25 8 20 17 11 25 11 15 25 9 0 
25 25 23 5 19 25 25 25 25 19 15 24 5 25 3 13 25 21 20 1 25 1 2 25 6 25 9 
21 25 25 1 21 25 25 9 6 10 16 25 6 17 25 25 24 3 0 22 15 13 24 13 8 14 
6 17 12 10 25 21 25 3 25 12 18 18 13 25 18 20 12 12 6 20 15 15 10 25 2 
25 20 15 18 3 25 24 16 23 18 25 23 25 19 25 23 4 25 0 25 25 14 0 25 
24 0 25 19 7 25 1 24 25 8 17 4 14 25 25 0 3 8 25 25 0 25 10 
2 2 21 8 10 25 17 25 20 24 25 15 23 25 23 18 25 9 12 25 6 25 
13 25 21 16 25 6 25 25 8 18 15 20 5 11 1 20 17 2 25 6 25 
2 13 15 25 19 25 15 8 16 17 21 22 25 25 12 25 8 8 18 0 
1 1 14 2 25 5 15 25 25 22 22 25 16 24 4 14 25 25 25 
25 0 25 25 25 25 9 20 25 3 25 12 6 3 25 6 25 8 
6 25 4 25 1 25 25 2 8 25 1 12 25 23 14 13 21 
3 11 6 16 1 15 12 25 25 22 25 5 25 25 10 12 
25 25 25 25 6 11 25 23 22 25 22 0 6 7 25 
24 10 17 4 25 25 19 25 25 25 25 7 24 1 
8 25 6 16 25 25 21 25 11 12 17 1 23 
25 12 25 23 23 25 5 1 18 0 25 9 
9 25 25 20 14 17 10 21 25 12 3 
22 1 16 12 4 19 3 25 25 25 
20 4 25 25 13 5 24 17 24 
25 25 11 25 12 25 12 9 
0 25 25 25 1 25 25 
9 25 16 0 8 25 
1 0 10 0 9 
19 15 1 25 
18 6 1 
22 25 
25 

