50 25
25 25 25 25 25 25 25 25 11 7 18 25 25 25 25 25 25 25 25 25 25 25 25 25 25 25 25 12 13 21 21 25 25 25 15 25 25 25 25 20 24 20 25 25 25 25 25 25 23 
25 5 25 25 25 25 25 25 25 23 25 25 25 25 25 25 22 0 25 25 25 25 25 25 17 25 25 7 9 17 25 25 11 25 25 25 25 25 25 25 10 9 13 12 22 25 25 25 
25 6 25 25 25 25 25 25 5 25 25 25 25 25 25 19 13 25 25 20 25 25 25 25 25 25 25 7 25 25 7 19 25 25 24 25 25 25 25 25 25 25 25 14 25 25 25 
2 9 25 14 25 3 25 16 20 25 25 8 3 25 24 5 25 25 25 25 25 25 25 25 25 25 25 25 25 25 17 0 12 13 13 25 25 25 25 25 25 10 7 10 25 25 
25 6 25 25 25 25 25 25 25 25 25 25 25 25 25 25 25 3 16 25 25 25 25 25 25 24 25 25 0 12 25 3 25 25 25 2 23 23 25 25 12 25 25 12 25 
25 6 22 25 25 15 25 25 25 25 25 25 10 5 25 25 25 25 25 25 25 25 25 18 25 25 25 18 25 25 25 17 17 25 25 1 25 25 25 12 17 25 25 25 
25 18 25 25 25 25 1 25 25 7 25 25 25 24 13 25 25 10 25 6 25 25 22 25 13 25 6 8 6 25 25 19 18 25 25 25 25 25 25 25 3 15 25 
25 19 8 15 25 2 25 25 2 25 25 25 23 0 0 25 25 5 25 16 25 25 22 25 25 18 11 25 25 25 25 25 25 10 18 25 25 25 25 25 25 25 
2 25 25 5 25 2 25 1 25 25 25 25 25 22 25 25 25 25 25 25 25 1 25 25 25 25 17 25 25 25 9 25 25 25 10 6 25 25 25 25 25 
25 25 25 25 4 25 25 25 25 25 25 25 17 25 15 17 25 2 6 25 25 6 12 25 2 25 25 25 25 15 25 25 25 8 0 25 23 25 23 18 
21 2 25 8 8 13 25 25 25 25 25 25 9 24 25 25 25 25 25 25 25 25 25 25 25 25 25 25 25 25 8 25 25 25 25 5 0 25 25 
25 25 25 25 25 25 25 25 17 25 25 25 25 10 25 25 25 25 25 25 18 25 25 25 19 25 25 25 25 17 25 16 25 8 19 25 25 5 
25 25 25 20 24 25 25 18 25 25 7 25 13 25 19 25 25 25 25 2 16 21 25 20 25 19 25 25 25 25 25 25 20 25 25 25 1 
25 25 25 25 25 25 25 7 25 11 25 25 25 25 1 25 25 0 25 25 25 25 6 25 25 8 25 25 3 4 25 25 25 6 25 23 
25 25 25 25 25 9 25 25 25 10 25 25 19 25 25 22 25 15 16 25 24 20 25 25 25 13 25 25 25 25 25 25 25 8 25 
25 25 25 25 25 25 25 25 25 25 13 3 25 25 25 25 25 5 25 25 13 25 25 25 25 25 16 14 6 25 25 25 16 18 
25 25 5 3 25 22 25 25 2 25 24 0 25 25 25 15 25 25 25 25 25 25 13 25 25 24 25 25 25 3 25 25 25 
25 25 0 25 25 11 25 25 5 25 3 25 22 25 22 19 25 25 25 25 17 25 25 9 1 2 25 25 25 25 25 25 
25 25 10 25 25 25 25 25 25 25 25 25 25 25 13 25 25 25 15 25 25 25 25 17 25 5 25 25 11 10 25 
2 25 22 23 25 14 25 25 25 25 25 17 25 25 25 25 8 25 25 13 25 24 14 25 25 25 25 25 25 25 
25 25 25 25 25 25 25 25 25 25 25 25 25 25 25 25 25 25 25 25 25 25 25 25 25 25 25 25 25 
25 25 25 25 25 25 18 25 25 25 25 25 25 16 25 25 25 25 25 25 25 25 25 25 25 25 25 25 
25 25 25 25 25 18 25 25 25 25 25 25 25 25 25 25 25 25 25 25 25 25 25 25 25 25 25 
25 25 25 25 25 25 25 25 25 25 25 25 25 25 25 25 25 25 25 25 25 25 25 25 25 25 
25 25 25 25 25 25 25 25 25 25 25 25 9 25 25 25 25 25 25 25 25 25 25 25 25 
25 25 25 25 25 25 25 25 25 25 25 25 25 25 25 25 25 25 25 25 25 25 25 25 
25 25 25 25 25 25 25 25 25 25 25 25 25 25 25 25 25 25 25 25 25 25 25 
25 25 25 25 25 25 25 25 25 25 25 24 25 25 25 25 25 25 25 25 25 25 
25 25 25 25 25 25 25 25 25 25 25 25 25 25 25 25 25 25 25 25 25 
19 25 25 25 25 25 25 25 25 25 25 25 25 25 25 25 25 25 25 25 
15 25 25 25 25 25 25 25 25 25 25 25 25 25 25 25 25 25 25 
25 25 25 25 25 25 25 25 25 25 25 25 25 25 25 25 25 25 
25 25 25 25 25 25 25 25 25 25 25 23 25 25 25 25 25 
25 25 16 25 25 25 25 25 25 25 25 25 25 25 25 25 
25 25 25 25 25 25 25 25 25 25 25 15 25 25 25 
25 25 25 25 25 25 25 25 25 25 25 25 25 25 
25 25 25 25 25 25 25 25 25 25 25 25 25 
25 25 25 25 25 25 25 25 25 25 25 25 
25 25 25 25 25 25 2 25 25 25 25 
25 25 25 25 25 25 25 25 25 25 
25 25 25 16 25 25 25 25 25 
25 25 25 25 25 25 25 25 
25 25 25 25 25 25 25 
25 25 25 19 25 25 
25 25 25 25 25 
25 25 25 25 
25 25 25 
25 25 
25 

25 25 25 25 25 25 22 25 25 7 21 25 12 25 25 19 16 25 25 25 15 25 25 25 25 6 21 8 25 14 25 25 24 25 25 25 25 24 25 25 25 17 25 25 25 25 25 5 25 
25 25 22 25 25 18 25 25 25 13 25 25 25 25 25 25 25 24 25 25 25 16 25 25 25 25 25 4 25 5 25 25 2 25 12 14 25 25 25 25 25 7 25 25 25 25 2 25 
25 25 5 25 25 25 23 7 25 25 25 25 25 25 24 25 15 25 17 21 25 25 25 25 25 25 25 25 25 25 22 21 25 25 3 25 25 22 25 25 25 25 25 4 25 23 8 
25 25 25 25 25 25 25 14 11 25 25 25 11 25 3 13 20 25 25 15 0 25 25 21 6 25 21 25 25 25 25 21 25 25 25 25 11 25 10 25 19 10 11 4 25 25 
11 25 25 22 7 13 25 25 4 25 25 22 25 17 25 21 25 25 11 25 25 11 23 25 25 14 25 25 25 25 25 25 25 25 25 25 25 25 25 13 25 25 25 19 25 
25 14 19 24 25 25 15 25 6 18 25 16 25 25 25 9 13 25 11 25 25 25 25 15 6 25 25 25 5 25 25 25 25 23 25 25 3 25 25 25 20 25 20 20 
25 25 22 25 25 25 25 25 20 25 25 25 25 25 25 25 17 25 25 14 9 25 25 25 25 22 25 1 0 25 25 10 25 4 25 25 13 25 5 1 25 25 25 
25 19 10 25 25 25 25 25 25 25 1 25 22 18 25 21 25 25 25 25 25 23 25 25 25 25 25 25 6 25 9 25 25 12 25 9 25 14 20 21 19 25 
25 25 25 14 25 25 25 25 25 0 25 8 25 25 25 9 13 25 25 4 25 11 25 25 25 25 25 25 5 25 17 25 24 25 19 25 6 25 25 25 25 
25 25 25 25 25 15 13 25 25 25 2 6 25 20 0 25 25 25 25 25 25 24 20 25 25 25 25 0 15 18 25 25 25 8 5 25 25 25 25 25 
24 8 25 25 25 25 25 2 2 25 25 25 25 5 25 25 22 25 25 23 2 5 10 25 11 25 25 25 25 25 2 25 14 25 4 25 25 20 25 
25 25 25 25 25 25 24 9 25 25 3 25 25 25 14 25 25 25 25 25 25 25 25 23 25 25 13 9 25 25 25 25 25 25 21 25 10 25 
15 15 25 25 25 25 12 1 25 25 1 11 25 25 25 9 25 24 25 1 25 25 25 25 25 25 25 25 25 25 21 12 0 25 16 20 19 
7 23 25 20 21 25 18 25 25 25 25 25 11 23 0 25 0 24 25 25 25 16 25 6 25 25 25 3 25 25 25 15 25 25 7 25 
25 25 4 25 25 1 0 20 21 25 25 11 15 25 25 25 25 25 10 5 8 16 22 17 20 17 25 1 25 25 7 21 5 25 25 
25 19 25 25 25 25 25 6 25 24 6 25 9 25 25 25 20 4 25 25 25 25 25 25 25 19 25 25 25 25 25 25 25 25 
25 25 25 25 25 25 25 25 25 25 25 25 25 25 25 25 25 25 25 25 25 25 25 25 25 25 23 25 25 25 25 25 25 
25 25 25 25 25 25 25 25 25 25 25 25 25 25 25 25 25 25 25 22 25 25 25 25 25 25 25 25 25 25 25 25 
25 25 25 25 25 25 25 25 25 25 25 25 25 25 25 25 25 25 25 25 25 25 25 25 25 25 25 14 25 25 25 
25 25 25 25 25 25 25 25 25 13 25 25 25 25 25 25 25 25 13 25 25 25 25 25 25 25 25 25 25 25 
25 25 25 25 25 25 25 25 25 25 25 25 25 25 25 11 25 25 25 25 25 25 25 25 25 25 25 25 25 
1 25 0 25 25 25 25 25 25 25 25 25 25 25 25 25 25 25 25 25 25 25 25 25 25 25 25 25 
25 25 25 25 25 25 25 25 25 25 25 25 25 25 25 25 25 25 25 25 25 25 25 25 25 25 25 
25 25 25 24 2 25 25 25 25 25 25 25 25 25 25 25 25 25 25 25 25 25 25 25 25 25 
25 25 25 25 25 25 25 25 25 25 25 25 25 25 25 25 12 25 25 25 25 25 25 25 25 
25 25 25 25 25 25 25 25 25 25 25 25 25 25 25 25 25 25 25 25 25 6 25 25 
25 25 25 25 25 25 25 25 25 25 25 25 25 25 25 25 25 25 25 25 25 25 25 
25 25 25 25 25 25 25 25 25 25 25 5 25 25 25 25 25 25 25 25 25 25 
25 25 25 25 25 25 25 25 25 25 25 25 25 25 25 25 25 25 25 25 25 
25 25 15 25 25 25 25 25 25 25 25 25 25 25 25 25 25 25 25 25 
25 25 25 25 25 25 25 25 25 12 25 25 25 25 25 25 25 25 25 
25 25 25 25 25 25 25 25 25 25 25 25 25 25 14 25 25 25 
25 25 25 25 25 25 25 25 25 25 25 25 25 25 25 25 25 
25 25 25 25 25 25 25 25 25 25 25 25 25 16 25 0 
25 25 25 25 25 25 25 25 25 25 25 25 25 25 25 
25 25 25 25 25 25 25 25 25 25 25 25 25 25 
25 25 25 25 25 9 25 25 25 25 25 25 25 
25 25 25 25 25 25 25 25 25 25 25 25 
25 25 25 25 25 25 25 25 25 25 25 
25 25 25 25 25 25 25 25 25 25 
25 25 25 25 25 25 25 25 25 
25 25 25 25 25 25 25 25 
25 25 25 25 25 25 25 
25 25 25 25 25 25 
25 25 24 25 25 
25 25 25 25 
25 25 25 
25 25 
25 

22 18 24 10 25 4 18 4 22 3 17 0 19 2 3 6 25 20 2 7 0 15 6 25 4 25 8 19 25 3 17 15 9 25 25 23 17 21 25 18 12 20 17 6 13 18 20 4 15 
18 24 2 24 9 25 6 21 22 9 7 21 19 19 1 3 23 16 3 10 25 19 21 25 13 10 25 25 8 20 9 25 20 8 15 19 2 1 8 8 5 21 25 8 20 6 7 7 
0 12 17 10 2 8 16 6 24 20 15 17 17 21 19 21 12 16 9 0 10 11 7 13 14 3 25 25 14 16 12 5 22 25 22 4 19 1 8 3 9 12 25 1 20 25 18 
14 16 21 22 24 9 25 25 7 25 21 23 12 8 20 19 6 25 10 6 13 10 11 8 24 12 25 2 2 22 25 0 3 11 16 15 6 9 9 12 10 20 15 2 19 14 
25 25 11 25 25 19 3 3 12 21 12 17 18 2 21 19 16 3 24 15 17 15 15 15 23 25 10 22 16 22 19 2 11 4 24 13 0 12 5 1 25 9 2 2 3 
25 1 4 25 25 25 25 25 25 25 25 25 25 25 25 25 8 25 25 25 25 25 25 25 25 25 25 25 25 25 25 25 25 25 25 25 25 25 25 25 25 25 25 25 
25 25 25 25 25 25 25 25 25 25 25 25 25 25 25 25 25 25 25 25 25 25 25 25 25 25 25 25 19 25 25 25 25 25 25 5 25 25 25 25 25 25 25 
25 25 25 25 13 25 25 25 25 25 25 25 25 25 25 25 25 25 25 25 25 25 0 25 25 25 25 25 25 25 25 25 25 25 25 25 25 25 25 25 25 25 
25 25 12 25 25 25 25 25 25 25 25 25 25 25 25 25 25 25 25 25 25 25 25 19 25 25 25 25 25 25 25 25 25 25 25 25 25 25 23 25 25 
25 25 25 25 25 25 25 25 25 25 25 25 4 25 25 25 25 25 25 25 25 25 25 25 25 25 25 7 25 25 25 25 25 25 25 25 25 25 25 25 
25 25 25 25 25 25 25 25 3 25 25 25 25 25 25 25 25 25 25 25 25 25 25 25 25 25 25 25 25 25 25 25 25 25 25 25 25 25 25 
25 25 25 25 25 25 25 25 25 25 25 25 25 25 25 25 25 25 25 25 25 25 25 25 25 25 25 25 25 25 25 25 25 25 25 25 25 25 
25 25 25 25 25 25 25 25 25 25 25 25 25 25 25 25 25 25 25 25 25 25 25 25 25 25 25 25 25 25 25 25 15 25 25 25 23 
25 25 25 25 3 25 25 22 25 25 25 25 10 25 25 25 25 25 25 25 25 25 25 25 25 25 25 25 25 25 25 25 25 25 25 25 
25 25 25 25 25 25 25 25 25 25 25 1 25 25 23 25 25 25 25 25 25 25 25 25 25 25 25 25 10 25 25 25 25 25 25 
25 25 25 25 25 25 25 25 25 25 25 25 25 25 25 25 25 25 25 25 2 25 25 25 25 25 25 25 25 25 25 25 25 25 
25 25 12 25 25 25 25 25 25 25 25 25 25 25 25 25 25 25 25 25 25 25 25 25 25 25 25 25 25 25 25 25 25 
25 25 25 25 25 3 25 25 25 25 25 25 25 25 25 25 25 25 25 25 25 25 25 25 25 25 25 25 7 25 25 25 
25 25 25 25 25 25 25 25 25 25 25 25 25 25 25 25 25 25 25 25 25 25 25 23 25 25 25 25 25 25 25 
25 25 25 25 25 25 25 4 25 25 25 25 25 25 25 25 25 25 25 25 25 25 25 25 25 25 25 25 25 25 
25 25 25 25 25 25 25 25 25 25 10 25 25 25 25 25 25 25 25 25 25 15 25 25 25 25 25 25 25 
25 25 25 25 25 25 25 25 25 25 25 25 25 25 25 25 25 25 25 25 25 25 25 25 25 25 25 25 
25 25 25 25 25 25 25 25 25 25 25 25 11 25 25 25 25 25 25 25 25 25 25 25 25 25 25 
25 12 25 25 25 25 25 25 25 25 25 25 25 25 25 25 25 25 25 25 25 25 25 25 25 25 
25 23 25 25 25 25 25 25 25 25 25 25 25 25 25 25 7 25 25 25 25 25 25 25 25 
25 25 25 25 25 25 25 25 25 25 25 25 25 25 25 25 25 25 25 25 25 25 25 25 
25 25 25 25 25 25 25 25 25 25 25 25 25 25 25 25 25 25 25 25 25 25 25 
25 25 25 25 25 25 22 25 25 25 25 25 25 25 25 25 25 25 25 25 25 25 
25 25 10 25 25 25 25 25 25 25 25 12 25 25 25 25 25 25 25 25 25 
25 25 25 25 25 25 3 25 25 25 25 25 25 25 25 25 25 25 25 25 
25 25 25 25 25 25 25 25 25 25 25 25 25 25 25 25 25 25 25 
25 25 25 25 25 25 25 25 25 25 25 25 25 25 25 25 25 25 
25 25 25 25 25 25 25 25 25 25 25 25 25 25 25 25 25 
4 25 25 25 25 25 25 25 25 25 25 25 1 25 25 25 
25 25 25 25 25 25 25 25 25 25 25 25 25 24 25 
25 25 25 25 25 25 25 25 25 25 25 25 25 25 
25 25 25 25 25 25 25 25 25 25 25 25 25 
25 25 25 25 25 25 25 25 25 25 25 25 
25 7 25 25 25 25 25 25 25 25 25 
25 25 25 7 25 25 25 25 25 25 
25 25 25 25 25 25 25 25 25 
25 25 25 25 25 25 25 25 
25 25 25 25 25 25 25 
25 25 25 25 25 25 
25 25 25 25 25 
25 25 25 25 
25 25 25 
25 25 
25 

9 22 4 0 1 1 2 12 6 19 25 25 8 23 23 1 16 19 6 25 1 12 3 5 25 23 25 13 25 25 25 0 24 11 25 12 25 10 12 13 25 22 0 1 21 25 1 9 25 
14 19 3 13 22 9 1 23 21 25 19 25 21 24 22 25 16 1 10 10 20 3 6 20 19 19 24 23 25 25 18 1 15 8 25 1 4 14 25 14 17 9 5 25 17 12 15 8 
11 1 4 25 10 24 3 11 16 3 25 8 20 21 10 12 20 23 17 25 2 2 13 15 12 12 25 4 23 15 8 12 3 15 23 11 20 16 23 12 9 18 11 2 13 3 4 
19 17 25 22 18 22 5 7 5 11 12 9 25 8 18 5 4 0 25 25 19 25 20 21 21 10 19 24 25 11 15 18 19 16 7 8 25 17 20 13 1 0 0 16 17 1 
25 2 18 8 20 2 15 25 21 7 3 25 12 22 12 10 25 23 0 15 16 4 2 21 12 6 25 13 6 21 14 24 6 17 23 11 15 6 9 15 9 17 1 1 25 
16 16 21 9 12 14 22 16 17 14 17 25 0 19 11 25 25 25 25 25 25 25 25 25 25 25 25 25 25 25 25 25 25 25 25 25 25 25 25 25 25 25 25 25 
25 12 25 25 25 25 25 25 25 25 25 25 25 25 25 25 25 25 25 25 25 25 22 25 25 25 25 25 25 25 25 25 25 25 25 25 25 25 25 25 25 25 25 
25 25 13 25 25 25 25 25 25 25 25 25 25 25 25 25 25 25 25 25 25 25 25 25 6 25 25 25 25 25 25 25 25 25 25 25 25 25 25 25 25 25 
25 25 25 24 25 25 25 25 25 25 25 25 25 25 25 25 25 25 25 25 25 25 25 25 25 25 25 25 25 25 25 25 25 25 25 25 25 25 25 25 25 
25 25 25 25 25 25 25 25 25 25 25 25 25 25 25 25 25 25 25 25 25 25 25 25 25 25 25 25 25 25 25 25 25 25 25 25 25 25 25 25 
25 25 25 25 25 25 25 25 25 25 25 25 25 25 25 25 25 25 25 25 25 25 25 25 25 25 25 16 25 25 25 25 25 25 25 25 25 25 25 
25 25 25 25 25 25 25 25 25 25 25 25 25 25 0 25 25 25 25 25 25 25 25 25 25 25 25 25 25 25 25 25 25 25 25 4 25 25 
25 25 25 25 25 25 25 25 25 25 25 25 25 25 25 25 25 25 25 25 25 25 25 25 25 25 25 25 25 25 25 25 25 25 25 25 25 
25 25 25 25 25 25 25 25 25 25 25 25 25 25 25 25 25 25 25 25 25 25 25 25 25 25 3 25 25 25 25 25 25 13 25 25 
25 25 25 25 25 25 25 25 25 25 25 25 25 25 25 25 25 25 25 25 25 25 25 25 25 25 25 25 25 25 25 25 25 25 25 
25 25 25 25 25 25 25 25 25 25 25 25 25 25 25 25 25 25 25 25 25 25 25 25 25 25 25 25 25 25 25 25 25 25 
25 25 25 25 25 15 25 25 25 25 25 25 25 25 25 25 25 25 25 25 25 25 25 25 3 25 25 25 25 25 25 25 25 
25 25 25 25 25 25 25 25 25 25 25 25 25 25 25 25 25 25 25 25 25 25 25 25 25 1 25 25 25 25 25 25 
25 25 25 25 25 25 25 25 25 25 25 25 25 25 25 25 25 25 25 25 0 25 25 25 25 25 25 25 25 25 25 
25 25 25 25 25 25 25 25 25 25 25 25 25 25 25 25 25 25 25 25 25 25 25 25 25 4 25 25 25 25 
6 25 25 25 25 25 25 12 25 25 25 25 25 25 25 25 25 25 25 25 25 25 25 25 25 25 25 25 25 
25 25 25 25 25 25 25 25 25 25 25 25 25 25 25 25 25 25 25 25 25 25 25 25 3 25 25 25 
25 25 25 25 25 25 25 25 25 25 25 25 25 25 21 25 25 25 25 25 25 25 25 25 25 22 25 
25 25 25 25 25 25 25 25 4 25 25 25 25 25 25 25 25 25 25 25 25 25 25 25 25 25 
25 25 25 25 25 25 25 25 25 25 25 25 25 25 25 25 25 25 25 25 25 25 25 22 25 
25 25 25 25 25 25 25 25 25 25 16 25 25 25 25 25 25 25 25 25 25 25 25 4 
25 25 25 25 25 25 25 25 25 25 25 25 25 25 25 25 25 25 25 25 25 25 25 
25 25 19 25 25 25 25 25 25 25 25 25 25 25 25 25 25 25 25 25 25 25 
25 25 25 1 25 25 25 25 25 25 25 25 25 25 25 25 25 25 25 25 25 
25 25 25 25 25 16 25 25 25 25 25 25 25 25 25 25 25 25 25 25 
25 25 25 25 25 25 25 25 25 25 25 25 25 25 25 25 25 25 25 
23 25 25 25 25 25 25 25 25 25 25 25 25 25 25 25 25 25 
25 25 25 25 25 25 25 25 25 25 25 25 25 25 25 25 25 
25 25 25 25 25 25 25 25 25 9 25 25 25 25 25 25 
25 25 25 25 25 25 25 25 25 25 25 16 25 25 25 
25 25 25 0 25 25 25 25 25 25 25 25 25 25 
25 25 25 25 25 14 25 25 25 25 25 25 25 
25 25 25 25 25 25 25 25 25 25 25 25 
25 25 25 25 25 25 25 25 25 25 25 
25 25 25 25 25 25 25 25 25 25 
25 25 25 25 25 17 25 25 25 
25 25 25 9 25 25 25 25 
25 25 25 25 25 25 25 
25 25 25 25 25 25 
25 25 25 25 25 
25 25 25 25 
25 25 25 
25 25 
25 

25 25 25 24 25 21 10 25 25 4 25 22 25 25 25 25 25 25 25 25 4 25 25 13 25 25 25 25 25 25 19 21 25 25 25 25 25 25 25 25 25 25 25 25 5 25 18 4 25 
25 25 10 24 25 24 25 25 25 3 25 15 25 25 25 9 25 25 25 25 25 17 25 25 19 25 25 25 25 25 25 25 19 25 25 25 25 25 25 25 25 14 25 25 25 25 18 25 
16 25 25 25 25 25 25 25 25 17 25 25 0 25 25 25 25 25 25 25 25 25 14 25 15 15 25 25 25 25 25 19 18 25 25 25 25 15 25 25 25 25 25 25 25 25 25 
0 22 25 25 25 25 25 25 25 7 25 25 25 25 25 25 25 25 25 25 25 25 16 25 25 25 25 25 0 25 25 25 25 25 25 25 25 2 25 25 25 25 25 25 25 25 
25 25 25 25 25 10 25 25 25 20 22 25 7 6 25 25 9 25 25 25 15 25 23 25 25 25 25 25 25 25 25 3 25 25 25 25 0 25 25 25 25 25 25 25 25 
25 25 12 25 25 25 25 25 25 25 25 25 25 25 2 25 25 25 23 6 25 25 25 25 25 25 25 25 25 25 25 25 25 25 25 21 25 25 25 25 25 25 25 25 
25 25 9 25 25 16 25 0 25 25 25 25 25 25 25 25 25 25 25 25 25 23 25 25 25 3 25 25 25 22 25 25 1 25 25 20 22 25 25 25 25 12 25 
25 25 25 20 20 5 25 25 7 25 16 22 25 25 25 25 25 25 25 25 25 25 25 25 25 19 25 25 25 25 25 25 3 24 25 20 25 25 11 25 20 0 
25 11 23 25 25 25 25 25 25 25 22 25 25 6 25 25 25 25 25 25 25 25 25 25 25 25 25 25 25 25 25 6 25 25 25 25 6 25 25 25 25 
25 25 25 25 2 6 25 25 25 25 25 25 25 25 21 21 11 25 25 25 25 25 25 1 25 25 25 25 25 25 14 0 25 25 25 3 25 25 25 14 
3 25 25 25 25 25 9 25 21 25 25 25 24 25 25 25 25 8 25 25 15 10 25 2 25 12 25 25 25 25 25 6 25 25 25 15 25 25 25 
25 25 25 25 6 25 9 25 25 17 25 25 24 25 25 25 9 25 25 25 25 25 25 25 25 25 25 9 25 25 25 17 25 25 25 25 25 25 
25 25 25 25 25 11 16 17 25 25 25 25 16 25 25 13 25 25 25 1 2 25 25 4 15 25 25 25 25 25 25 25 25 17 6 25 25 
25 25 2 20 25 25 25 14 25 25 25 25 19 25 25 25 25 12 25 25 25 25 25 25 25 25 25 25 1 25 25 25 13 25 25 25 
25 25 21 14 15 25 25 25 25 25 25 25 18 25 14 25 0 25 25 11 25 25 25 25 25 25 25 25 25 19 25 25 25 25 25 
25 25 25 25 25 0 8 1 25 24 13 25 21 25 25 25 25 25 25 9 16 25 25 25 11 25 5 25 25 25 5 13 25 16 
25 25 6 11 25 25 2 25 25 11 25 25 17 25 25 17 24 6 19 12 25 0 25 9 25 25 25 6 25 25 25 25 25 
25 25 25 25 9 25 25 25 25 25 25 25 25 25 25 25 20 25 25 18 24 25 25 25 11 25 25 15 25 23 25 4 
25 23 25 25 9 25 4 25 21 13 25 25 25 25 25 25 25 25 25 25 25 25 25 21 25 25 25 25 19 25 25 
0 25 25 25 25 25 25 18 25 23 25 25 25 25 25 11 25 25 7 25 25 19 25 4 25 25 25 19 25 25 
25 23 25 14 25 0 25 25 25 25 25 25 24 10 25 25 25 6 25 25 25 25 25 25 25 19 25 3 25 
15 12 25 25 25 18 2 15 25 25 11 25 19 25 25 2 25 25 25 21 25 25 25 18 25 25 25 25 
25 25 24 25 25 25 25 7 25 13 25 25 25 19 24 25 25 25 25 25 25 17 25 25 19 25 25 
20 25 25 25 25 25 25 25 10 25 25 5 25 25 25 3 25 25 25 25 25 11 0 25 25 25 
25 4 25 25 2 25 0 6 20 25 25 25 25 25 25 25 23 25 25 25 22 25 25 25 25 
25 25 25 25 25 13 25 13 20 25 25 25 25 17 25 17 25 25 25 25 25 13 25 25 
25 25 25 25 25 25 0 25 11 25 6 25 25 25 25 25 25 25 25 25 25 25 25 
25 25 25 25 19 25 25 25 25 25 25 25 25 25 25 25 25 25 25 25 25 25 
25 25 25 25 25 25 25 25 25 25 25 25 25 2 25 25 25 25 25 25 25 
25 25 25 25 25 25 25 25 25 25 25 25 25 25 25 25 25 25 25 25 
25 25 25 25 25 25 25 25 25 25 25 9 25 25 25 25 25 25 25 
25 25 25 25 25 25 7 25 25 25 25 25 25 25 25 25 25 25 
25 25 25 25 25 25 25 25 25 25 25 25 25 25 25 25 25 
25 25 25 25 9 25 25 25 25 25 25 25 25 25 25 25 
25 25 25 25 4 25 25 25 3 25 25 25 25 25 25 
25 25 25 25 25 25 25 25 25 25 25 25 25 25 
25 1 25 25 25 25 25 25 25 25 25 25 25 
25 25 25 25 25 25 25 25 25 25 25 25 
25 25 25 25 25 25 25 25 25 25 25 
25 25 25 25 25 25 25 25 25 25 
25 25 25 25 25 25 25 25 25 
25 24 25 25 25 25 25 25 
25 25 25 25 6 11 25 
25 25 25 25 25 7 
25 25 14 25 25 
25 25 25 25 
25 25 25 
25 25 
25 

21 25 17 25 25 25 25 25 25 25 19 25 0 20 25 7 25 25 25 25 12 25 25 25 25 25 25 25 25 25 25 25 25 25 6 25 25 25 23 1 25 25 25 25 25 25 25 25 25 
25 1 0 25 25 25 5 25 25 10 25 10 25 21 25 25 25 23 25 18 25 25 25 25 25 25 25 25 25 1 25 25 25 25 25 25 25 25 4 25 14 25 25 25 25 17 25 10 
19 11 21 25 3 25 25 25 25 25 25 25 25 25 25 25 25 25 25 25 13 25 25 25 25 25 25 25 10 25 25 25 15 25 25 25 25 25 12 8 12 25 25 0 8 12 17 
25 7 18 23 25 25 25 25 10 25 25 25 25 25 25 25 25 21 25 25 25 25 25 25 25 25 13 13 4 17 25 24 25 25 25 25 1 25 7 25 25 25 25 25 25 21 
25 25 20 25 25 25 25 25 25 25 3 17 25 25 25 25 12 25 25 7 25 25 5 25 25 25 3 5 25 5 25 25 13 25 13 25 25 14 17 25 12 25 14 25 25 
25 25 0 25 25 25 25 25 25 25 25 25 25 25 25 25 25 25 17 25 25 25 25 24 25 25 25 1 25 25 25 25 25 25 25 6 25 25 10 25 25 25 25 25 
11 25 25 25 25 25 18 25 25 25 25 25 25 25 25 25 25 25 25 3 25 25 25 25 25 24 25 25 25 25 4 25 25 25 25 10 25 25 25 17 25 15 25 
25 25 8 25 25 25 17 25 25 15 22 18 25 25 25 22 21 25 20 25 25 25 25 11 0 25 25 25 25 25 25 25 25 25 0 25 25 25 25 25 25 25 
25 25 25 25 6 25 25 25 21 25 25 25 25 25 25 25 25 25 25 25 1 25 25 10 24 25 25 25 25 25 5 17 25 25 25 25 25 25 25 25 25 
25 8 8 25 5 25 25 24 11 25 25 25 25 4 25 25 25 25 25 25 25 25 25 25 25 25 25 25 25 25 25 7 25 25 25 15 25 14 25 16 
25 15 25 25 17 25 25 25 19 25 25 25 25 25 25 25 14 25 25 25 25 25 25 25 25 25 25 25 25 25 25 25 13 25 11 25 25 25 25 
25 25 25 25 2 25 25 25 25 25 21 25 25 25 1 25 25 14 25 25 25 19 25 25 25 0 25 15 25 9 25 25 25 25 25 25 25 4 
25 25 15 9 25 25 25 11 25 25 25 25 25 25 25 25 10 25 25 25 16 25 25 25 25 25 25 25 25 25 3 25 25 25 3 25 25 
25 25 25 25 25 25 25 25 25 25 25 25 9 17 25 25 25 25 3 25 25 19 25 25 25 25 25 22 25 21 25 25 25 25 25 25 
25 25 25 25 25 25 5 25 16 25 25 25 25 14 25 25 25 24 23 25 25 25 25 25 25 25 25 25 25 25 17 25 12 25 25 
25 2 25 25 25 25 25 25 25 25 25 25 25 25 25 1 25 4 25 12 25 25 25 18 25 25 25 25 25 25 25 25 10 25 
25 25 25 25 4 25 25 25 25 20 25 25 25 25 25 25 25 25 25 25 25 25 25 25 15 22 25 25 25 25 25 25 25 
25 25 25 25 25 25 25 25 25 25 25 25 25 10 25 25 3 25 25 7 25 25 25 25 25 19 25 25 25 8 19 11 
25 25 25 25 25 5 25 25 25 25 25 25 25 25 16 25 25 25 25 25 7 25 25 25 25 25 25 25 21 25 25 
25 25 25 25 25 22 25 25 25 25 25 0 25 25 25 25 25 25 25 25 25 12 25 25 25 9 25 25 13 22 
16 25 4 25 25 25 25 25 15 23 25 25 25 25 23 25 25 25 25 25 25 25 25 25 25 25 25 25 25 
25 25 25 25 16 25 25 25 16 25 25 25 25 16 25 8 25 25 25 25 10 13 0 25 25 25 25 25 
25 25 25 23 25 25 25 25 25 25 25 25 25 25 15 25 0 25 25 25 16 25 25 25 25 25 25 
13 25 25 25 25 25 25 25 25 21 25 25 15 25 25 25 25 25 25 25 25 25 23 25 25 15 
25 25 25 25 25 25 25 2 25 25 25 25 25 14 25 25 25 25 25 25 25 25 22 25 25 
25 25 25 25 19 5 25 25 25 1 25 25 11 25 25 25 25 25 25 25 25 25 25 25 
25 25 25 25 25 25 2 25 25 25 25 25 25 25 25 25 25 18 25 25 25 25 25 
0 25 25 25 25 25 25 25 25 9 25 25 25 25 25 25 25 17 25 25 0 7 
25 25 25 11 25 25 25 25 25 5 25 25 25 9 14 25 25 25 25 25 25 
25 25 25 25 25 25 25 25 25 25 25 25 25 25 23 3 14 20 25 25 
25 25 25 25 25 25 25 25 25 8 7 25 25 25 25 25 8 25 25 
25 25 21 25 22 25 8 25 25 25 25 25 25 25 25 2 7 12 
25 25 25 25 25 25 25 25 11 25 6 25 25 25 25 22 25 
25 25 25 25 25 25 25 25 25 25 25 8 0 25 25 25 
25 25 16 25 25 25 25 2 25 25 25 25 25 17 25 
25 25 25 25 21 25 25 8 25 25 25 25 25 25 
25 18 25 25 25 25 25 25 25 25 25 25 2 
25 25 25 25 25 8 25 25 25 24 20 25 
25 25 25 25 25 2 2 25 25 25 25 
25 25 25 25 25 25 25 25 25 1 
25 25 25 25 20 25 25 25 25 
11 25 25 25 25 25 6 25 
25 25 25 25 25 23 25 
0 25 0 25 25 25 
25 25 25 25 25 
25 25 25 25 
25 25 25 
25 25 
25 

5 24 6 3 25 8 25 19 24 14 13 19 25 7 25 5 9 25 25 25 20 25 11 25 11 23 13 12 12 9 25 20 23 25 24 25 6 25 25 1 17 8 25 4 19 25 25 9 7 
25 3 24 25 5 21 0 12 3 25 3 7 5 8 9 6 1 13 15 25 21 6 25 25 11 0 25 8 25 2 25 25 0 17 2 5 0 10 13 0 5 25 20 13 22 18 25 15 
25 3 18 25 25 21 25 25 3 19 25 2 25 5 20 1 11 14 24 22 25 25 1 21 25 8 6 25 5 0 17 25 4 25 22 1 1 8 20 25 25 17 25 2 25 9 4 
5 25 25 25 21 7 12 1 13 25 21 25 19 17 11 10 24 25 1 14 18 17 25 8 19 25 25 17 2 11 2 8 11 22 24 25 5 4 21 25 6 17 8 22 25 25 
14 18 0 17 18 7 25 14 25 3 25 15 1 17 25 14 8 25 20 25 25 25 25 25 4 25 16 25 0 23 0 10 6 25 22 4 18 25 8 22 25 13 14 16 25 
25 18 25 13 8 0 20 11 25 8 25 2 19 25 25 1 8 2 13 3 16 25 25 25 1 25 15 25 25 25 25 6 25 10 25 25 10 25 11 25 21 25 25 4 
15 25 16 0 25 14 16 25 1 25 23 4 22 25 16 4 25 7 25 9 3 25 7 5 16 25 19 0 25 20 10 18 25 0 21 25 25 24 20 25 7 22 25 
17 25 25 25 25 25 25 25 25 25 25 25 25 19 25 25 25 25 25 25 25 25 25 25 25 25 25 25 0 25 25 25 25 25 25 25 25 25 25 25 25 25 
25 25 25 25 25 25 25 25 25 25 25 25 25 25 25 25 25 25 25 25 25 25 25 25 25 25 25 25 25 25 25 25 25 25 25 25 25 25 25 25 7 
25 25 25 25 25 25 25 25 25 25 25 15 25 25 25 25 25 25 25 25 25 25 25 25 25 25 25 25 25 25 25 11 25 25 25 25 25 25 25 25 
25 25 25 25 25 25 25 25 25 25 25 25 25 25 25 25 25 25 25 25 19 25 13 25 25 25 25 25 25 25 25 25 25 25 25 25 25 25 25 
25 25 25 25 25 25 25 25 25 25 25 16 25 25 25 25 25 25 25 25 25 25 25 25 25 25 25 25 25 25 25 25 25 25 25 25 25 25 
25 25 25 25 25 25 25 25 25 25 25 25 25 25 25 25 25 25 16 25 25 25 25 25 14 25 25 25 25 25 25 25 25 25 25 25 25 
25 25 25 25 25 25 25 25 25 25 25 25 25 25 25 25 25 25 25 25 6 25 25 25 25 25 25 25 25 25 25 25 25 25 25 25 
25 25 25 25 25 25 25 25 25 25 25 25 25 25 25 25 25 25 25 25 25 25 25 25 25 25 25 25 25 25 25 6 9 25 25 
25 25 25 25 25 25 15 25 25 25 25 25 25 25 25 25 25 25 25 25 25 25 25 25 25 25 25 25 25 25 25 25 25 25 
25 25 25 25 14 25 25 25 25 25 25 12 25 25 25 25 25 25 25 25 25 25 25 25 25 25 25 25 25 25 25 25 25 
25 25 25 25 25 25 25 25 25 25 25 25 25 25 25 4 25 25 25 25 25 25 25 25 25 25 25 25 25 25 25 25 
25 25 25 25 25 25 25 25 25 25 25 25 25 25 25 25 25 25 25 25 25 25 25 25 25 25 25 25 25 25 25 
25 25 25 25 25 25 25 25 25 25 15 25 25 25 25 25 25 25 25 25 25 25 25 25 6 25 25 25 25 25 
25 25 25 25 25 25 25 25 25 25 25 25 23 25 25 25 25 25 25 25 25 25 25 25 25 25 25 25 25 
25 25 25 25 25 25 25 25 25 25 25 25 25 25 25 25 25 25 25 25 25 25 25 25 25 25 25 25 
25 25 25 25 25 25 25 25 25 25 25 25 25 25 25 25 25 25 25 25 4 25 25 25 25 8 25 
25 25 25 25 25 25 25 25 25 25 25 25 25 25 25 25 25 25 25 25 25 1 25 25 25 25 
25 25 25 25 25 25 25 25 25 25 25 25 25 25 25 25 25 25 25 25 25 25 25 25 25 
25 25 25 25 25 25 25 25 25 25 25 25 25 25 20 25 25 25 7 25 25 25 25 25 
25 25 25 25 25 25 25 25 25 25 25 25 25 25 25 25 25 25 25 16 25 25 25 
25 25 25 25 25 25 25 25 25 25 25 25 25 25 25 25 25 25 25 25 25 25 
25 25 25 25 25 25 25 25 25 25 25 25 25 25 25 25 25 25 25 18 25 
25 25 25 25 25 25 25 25 25 25 25 25 25 25 25 25 25 25 25 25 
25 25 25 25 25 25 25 25 25 25 25 6 25 25 25 25 25 25 25 
25 25 25 25 25 25 25 25 25 25 25 25 25 25 25 25 25 25 
3 25 25 25 25 25 25 25 25 25 25 25 5 25 25 25 25 
25 25 25 25 25 25 25 25 25 25 25 25 25 25 25 25 
25 25 25 25 25 17 25 25 25 25 25 25 25 25 25 
25 25 25 25 25 25 25 25 25 25 25 25 25 25 
25 25 25 25 25 25 25 25 20 25 25 25 25 
25 25 25 25 25 25 25 25 25 25 25 25 
25 25 16 25 25 25 25 25 25 25 25 
25 25 25 25 25 25 25 25 25 25 
25 25 25 25 25 25 25 25 25 
25 25 25 25 25 25 25 25 
25 25 25 25 25 25 25 
25 25 25 25 25 25 
25 25 25 25 25 
25 25 25 25 
25 25 25 
25 25 
25 

19 15 20 25 25 25 16 25 19 18 25 19 22 17 25 16 11 18 22 6 8 17 10 24 25 25 18 4 0 2 8 17 20 25 25 13 20 25 1 8 25 11 25 25 25 0 14 25 0 
25 25 12 20 25 25 25 4 18 20 13 25 7 11 25 7 0 10 5 14 8 1 6 25 21 11 19 25 9 25 25 25 20 15 25 13 1 10 25 24 2 25 9 15 15 18 9 25 
25 11 25 14 22 13 25 10 20 22 20 10 9 25 7 25 25 0 4 7 25 11 25 25 4 25 11 25 17 15 7 1 25 21 22 25 25 18 14 22 7 25 22 5 18 3 17 
11 16 4 12 8 25 20 2 25 25 5 9 25 7 19 25 6 25 25 25 25 5 15 25 25 12 8 18 0 0 19 10 9 8 25 12 22 23 14 25 25 11 25 8 9 23 
25 9 25 17 3 3 25 8 1 3 18 23 18 25 25 7 12 2 0 25 7 25 25 5 25 17 13 21 19 25 5 5 25 20 8 12 3 18 25 25 25 25 21 2 19 
1 5 24 1 9 17 8 25 22 19 25 9 12 25 8 4 2 5 11 22 4 23 21 25 25 13 19 20 22 3 18 25 22 13 3 7 1 25 2 13 10 25 25 25 
2 25 25 25 25 12 6 4 22 1 0 25 0 24 20 25 21 15 19 9 25 25 25 25 25 25 25 25 25 25 25 25 25 25 25 25 25 25 25 25 25 25 25 
25 12 25 25 25 25 25 25 25 25 25 25 25 25 25 25 25 25 25 25 25 25 25 25 25 25 25 25 25 25 25 25 25 25 25 25 25 25 25 25 25 25 
25 25 25 25 25 25 25 25 25 25 25 25 25 25 25 25 16 25 25 25 25 25 25 25 25 25 25 25 25 25 25 25 25 25 25 25 25 25 25 25 25 
25 25 25 25 25 25 19 25 25 25 25 25 25 25 25 25 25 25 25 25 25 25 25 25 25 25 25 25 25 25 25 25 25 25 25 25 25 25 25 25 
25 25 25 25 25 25 25 25 25 25 25 25 25 8 25 25 25 25 25 25 25 25 25 25 25 25 25 25 25 25 25 12 25 25 25 25 25 25 25 
25 25 25 25 25 25 25 25 25 25 25 25 25 25 25 25 25 25 25 25 25 25 25 25 25 25 25 25 25 25 25 25 25 25 25 15 25 25 
25 25 25 25 25 25 7 25 25 25 25 25 25 25 25 11 25 25 25 25 25 25 25 25 10 25 25 25 25 25 25 25 25 25 25 25 25 
25 25 25 25 25 25 25 25 25 25 25 25 25 25 25 25 25 25 25 25 25 25 25 25 25 25 25 25 25 25 25 25 16 25 25 25 
23 25 25 25 25 25 25 25 25 25 25 25 25 25 25 25 25 25 25 25 25 25 25 25 25 25 25 25 25 25 25 25 25 25 25 
25 25 25 25 25 25 25 25 25 25 25 25 25 25 25 25 25 25 25 25 16 25 25 25 25 25 25 25 25 25 25 25 25 25 
25 25 25 25 5 25 25 25 25 25 25 25 25 25 25 25 22 25 25 25 25 25 25 25 25 25 25 25 25 25 25 25 25 
25 25 25 25 25 25 25 25 25 25 25 25 25 25 25 25 25 25 25 2 25 25 25 0 25 25 25 25 25 25 25 25 
25 25 25 25 25 25 25 14 25 25 25 25 25 25 25 25 25 25 25 25 25 25 25 25 25 25 25 25 25 25 25 
25 25 25 25 2 25 25 25 25 25 25 25 25 25 25 25 25 25 25 25 25 25 25 3 25 25 25 25 25 25 
25 25 25 25 25 15 25 25 25 22 25 25 25 25 25 25 25 25 25 25 25 25 25 25 25 25 25 25 25 
25 25 25 25 25 25 25 1 25 25 25 25 25 25 25 25 25 25 25 25 25 25 25 25 25 4 25 25 
25 25 25 25 25 2 25 25 25 25 25 15 25 25 25 25 25 25 25 25 25 25 25 25 25 25 25 
25 25 25 25 25 25 25 25 25 25 25 25 23 25 25 25 25 25 25 25 25 25 25 25 25 25 
25 25 25 25 25 12 25 25 25 25 25 25 25 25 25 25 25 25 25 25 25 25 25 25 25 
25 25 25 25 25 25 25 25 25 25 25 25 15 25 25 25 25 25 25 25 25 25 25 25 
25 25 25 25 25 25 25 25 25 25 25 25 25 25 25 25 25 25 25 25 25 22 25 
25 25 25 7 25 25 25 25 25 25 10 25 25 25 25 25 25 25 25 25 25 25 
25 25 25 25 25 25 25 25 25 25 25 25 25 25 25 25 25 25 25 25 25 
25 25 25 25 25 25 25 25 25 25 25 25 25 25 25 25 25 25 25 25 
25 25 25 25 25 25 25 25 25 25 25 25 25 25 25 25 25 25 25 
25 25 25 25 25 25 25 25 25 25 22 25 25 25 25 25 25 25 
25 25 25 25 25 25 25 25 25 25 25 25 25 25 25 25 25 
25 25 25 25 25 25 25 25 25 25 25 25 25 25 25 25 
25 25 25 25 25 25 25 25 25 25 25 21 25 25 25 
2 25 25 25 25 25 25 25 25 25 25 25 25 25 
25 25 25 21 25 25 25 25 25 25 25 25 25 
25 25 25 25 25 25 25 25 25 17 25 25 
17 25 25 25 25 25 25 25 25 25 25 
25 25 25 25 25 25 25 25 25 14 
25 25 25 16 25 25 25 25 25 
25 25 25 25 25 25 25 25 
25 25 25 25 25 25 25 
25 25 25 25 25 25 
25 25 25 25 25 
25 25 25 25 
25 25 25 
25 25 
25 

25 25 25 18 25 7 25 25 10 25 25 25 25 25 3 25 25 10 4 13 25 21 12 25 25 10 22 25 25 6 25 17 14 25 25 20 25 25 25 3 25 25 25 25 25 25 13 25 25 
25 25 25 25 25 25 25 25 25 25 25 25 0 15 25 25 4 13 25 17 5 4 16 25 4 25 24 25 25 25 25 25 16 25 25 25 25 25 25 16 15 19 25 25 25 25 3 1 
3 25 25 25 25 25 25 25 25 25 25 25 25 25 9 25 25 25 25 25 3 18 1 25 6 21 25 0 11 25 25 2 25 25 9 11 1 25 9 9 25 18 25 25 25 25 25 
25 25 25 25 25 13 25 25 25 7 10 10 25 25 25 25 25 23 21 25 25 9 25 25 24 25 25 14 7 25 25 25 11 5 4 25 8 25 25 25 25 13 3 21 25 10 
25 25 22 25 25 25 25 25 25 7 1 25 25 20 25 25 25 25 25 24 25 25 25 2 25 25 25 25 4 25 25 20 24 25 25 25 16 25 1 0 4 0 6 25 25 
25 25 25 12 0 25 25 18 20 25 25 25 25 5 25 25 25 20 25 25 25 11 20 25 23 23 25 25 25 8 25 25 25 25 25 7 25 25 6 9 25 25 23 25 
25 25 2 25 25 10 25 25 23 25 2 25 2 25 13 0 18 24 25 25 25 25 9 25 17 19 25 25 25 25 25 25 25 25 25 25 25 25 25 25 24 25 15 
6 25 25 20 20 10 25 25 25 25 2 25 1 25 23 25 18 11 25 25 22 4 13 25 25 25 25 25 25 15 25 25 25 25 0 0 25 25 25 25 25 8 
25 25 25 25 25 25 25 17 18 25 13 25 25 25 25 13 25 25 25 14 25 25 25 25 25 25 25 23 25 25 25 18 10 25 25 25 25 25 25 19 25 
25 25 25 25 25 10 25 25 25 25 8 23 25 25 9 0 25 4 23 25 25 25 25 25 18 25 15 12 25 25 25 25 25 25 4 25 25 25 23 25 
8 1 13 25 25 25 25 9 23 7 15 25 25 25 25 25 4 25 25 22 25 25 25 25 25 25 25 25 25 25 25 25 9 25 24 25 25 25 25 
19 25 25 25 25 25 22 25 25 25 25 25 3 25 25 25 25 3 25 25 25 25 25 25 25 25 25 3 19 17 25 25 25 25 25 25 25 25 
25 18 25 12 25 24 20 25 22 3 25 14 20 25 25 4 25 25 25 25 25 25 25 25 25 25 25 24 25 25 25 8 25 25 14 25 25 
25 25 25 25 25 25 12 25 25 9 25 25 25 25 12 21 25 25 21 25 7 25 25 25 25 1 25 25 25 10 25 25 10 25 25 6 
25 12 25 25 25 7 25 25 25 25 16 25 16 25 25 25 25 25 14 25 5 25 11 25 25 25 25 13 22 25 25 25 25 22 22 
25 25 24 25 25 25 25 25 25 25 25 5 25 9 15 25 25 25 17 19 25 25 16 17 25 21 25 3 25 25 25 25 10 25 
25 25 24 25 11 25 4 4 25 22 25 25 8 25 4 25 21 25 25 25 25 25 25 25 25 25 21 25 25 25 25 25 25 
25 25 14 4 22 25 25 15 25 25 25 25 25 25 12 25 25 25 1 25 25 14 25 1 25 25 25 25 25 25 25 25 
25 25 25 25 25 25 25 25 25 25 25 25 25 25 25 25 25 25 25 25 25 13 25 25 25 25 25 25 25 25 25 
25 25 25 25 25 25 25 25 25 25 25 25 25 25 25 25 25 25 25 25 25 25 25 25 25 25 25 25 25 25 
25 25 25 25 25 25 25 25 25 15 25 25 25 25 25 25 25 25 25 25 25 25 25 25 25 25 25 25 25 
25 25 25 25 25 25 20 25 25 25 25 25 25 25 25 25 25 25 25 25 25 10 25 25 25 25 25 25 
25 25 25 25 25 25 25 25 25 25 25 25 25 25 25 25 25 25 25 25 25 25 25 25 25 25 25 
25 25 25 25 25 25 25 25 25 25 25 25 25 25 25 25 25 25 25 25 25 25 25 25 25 25 
25 25 25 25 25 25 25 25 25 25 16 25 25 25 25 25 25 25 25 25 25 9 25 25 25 
25 25 25 15 25 25 25 25 25 25 25 25 25 25 25 25 25 25 25 25 25 25 25 25 
25 25 25 25 25 25 25 25 25 25 25 25 25 15 25 25 25 25 25 25 25 25 25 
25 25 25 25 25 25 25 25 25 25 25 25 25 25 25 25 25 25 25 25 25 25 
25 25 25 25 25 25 25 25 25 25 25 25 25 8 25 25 25 25 25 25 25 
25 25 25 25 25 25 25 25 25 25 25 25 25 25 25 25 25 25 25 25 
25 25 25 25 25 25 14 25 25 25 25 25 25 25 25 25 25 25 25 
25 25 25 25 25 25 25 17 25 25 25 25 25 25 25 25 8 25 
25 25 25 25 25 25 25 25 2 25 25 25 25 25 25 25 25 
25 25 25 25 25 25 21 25 25 25 25 25 25 25 25 25 
25 25 25 25 25 25 25 25 25 25 25 25 13 25 25 
25 25 25 25 25 25 25 25 25 25 25 25 25 25 
25 1 25 25 25 25 25 25 25 25 25 25 25 
18 25 25 25 25 25 25 25 25 25 25 25 
25 25 25 25 25 25 25 25 25 25 25 
25 25 25 25 25 25 25 25 25 25 
25 25 25 25 25 25 25 25 25 
25 25 25 25 25 25 25 25 
25 25 25 25 25 25 25 
25 25 25 25 25 25 
25 25 25 25 25 
25 25 24 25 
25 25 25 
25 25 
25 

25 6 25 25 25 17 5 25 19 6 14 25 18 22 9 25 25 4 1 25 12 25 16 25 25 25 18 0 25 3 22 25 1 6 11 0 7 25 25 25 19 25 18 25 3 8 1 14 18 
25 25 7 25 25 15 25 19 0 2 17 25 19 25 25 25 25 25 8 18 2 22 15 25 10 14 25 23 9 25 11 25 20 2 22 3 25 12 25 6 21 4 1 16 25 5 13 2 
23 25 7 9 2 25 9 24 4 25 19 15 25 25 25 3 25 23 25 18 24 15 11 12 25 3 0 24 25 18 21 25 25 25 1 21 25 0 8 24 19 14 8 11 23 2 25 
18 25 25 25 25 18 10 4 7 10 16 25 11 14 25 25 21 25 25 5 25 25 20 25 25 11 24 10 14 1 20 25 10 11 25 25 17 15 3 6 25 23 25 19 24 12 
23 16 19 25 25 25 3 4 23 9 25 13 13 25 25 25 0 24 25 25 25 4 25 7 24 25 23 10 25 25 4 16 0 11 25 13 4 17 18 22 6 16 6 4 25 
7 8 20 25 25 25 25 13 25 25 2 7 10 25 12 25 25 9 6 24 12 15 25 1 24 10 14 0 12 25 19 1 25 4 25 25 25 1 25 8 25 0 17 25 
15 12 5 20 19 20 25 8 18 8 23 20 25 25 25 25 8 6 19 25 5 11 19 7 7 8 7 18 8 14 1 25 7 3 9 10 21 25 25 25 19 6 25 
18 25 25 1 25 25 25 25 25 25 25 25 25 25 25 25 25 25 25 25 25 25 25 25 25 25 25 25 25 2 25 25 25 25 25 25 25 25 25 25 25 25 
25 25 25 25 25 25 25 25 25 25 25 25 25 20 25 25 25 25 25 25 25 25 25 25 25 25 25 25 25 25 25 25 25 25 25 25 25 25 25 25 25 
25 25 25 25 25 25 25 25 25 25 25 25 25 25 25 25 25 25 25 25 25 25 25 25 25 25 21 25 25 25 25 25 25 25 25 25 25 25 25 25 
25 25 25 25 25 25 25 25 25 25 25 25 25 24 25 25 25 25 25 25 25 25 25 25 25 25 25 25 25 25 25 25 25 25 25 25 25 25 25 
25 25 25 25 25 25 9 25 25 25 25 25 25 25 25 25 25 5 25 25 25 25 25 25 25 25 25 25 25 25 25 25 25 25 25 25 25 25 
25 25 25 25 7 25 25 25 25 25 15 25 25 25 25 25 25 25 25 25 25 25 25 25 25 25 25 25 25 25 25 25 25 25 25 25 25 
25 25 25 25 25 25 24 25 25 25 25 25 25 25 25 25 25 25 25 25 25 23 25 25 25 25 25 25 25 25 25 25 25 25 25 25 
25 25 25 25 25 25 25 25 25 25 25 25 25 13 25 25 25 25 25 25 25 25 25 25 25 25 25 25 25 25 25 25 25 25 25 
25 25 25 25 25 25 25 25 25 25 25 25 25 25 25 25 25 25 25 25 25 25 25 25 25 25 25 25 25 3 25 25 25 25 
25 25 25 25 25 25 25 25 25 25 25 25 25 25 21 25 25 25 25 25 25 25 25 3 25 25 25 25 25 25 25 25 25 
25 25 25 25 25 25 25 25 25 25 25 25 25 25 25 25 25 25 25 25 25 25 25 25 25 25 25 25 25 25 25 25 
25 25 25 25 25 25 25 25 25 25 25 25 25 25 25 25 25 25 25 25 25 25 25 25 25 25 25 25 25 25 19 
25 25 25 25 25 25 25 25 25 25 25 25 9 25 25 25 25 25 25 25 25 25 25 25 25 25 25 25 25 25 
25 25 25 25 25 25 25 25 17 25 25 25 25 25 25 25 25 25 25 25 25 25 25 25 25 25 25 25 25 
25 25 25 1 25 25 25 25 25 25 25 25 25 25 25 25 25 25 25 25 25 25 25 25 25 25 9 25 
25 25 23 25 25 25 25 25 25 25 25 25 25 25 25 25 25 25 25 25 25 25 25 25 25 25 25 
25 25 25 25 25 25 25 25 6 25 25 25 25 25 25 25 25 25 25 25 25 25 25 13 25 25 
25 25 25 25 25 25 25 25 25 25 25 25 25 25 25 25 25 25 25 25 25 25 25 25 2 
25 25 25 25 25 25 25 25 25 25 25 25 25 25 25 25 25 25 25 25 25 25 25 25 
25 25 25 25 25 25 25 25 25 25 25 25 25 25 25 25 25 8 25 25 25 25 25 
25 25 25 25 25 25 25 25 25 25 25 25 25 25 25 25 25 9 25 25 25 25 
25 25 25 25 25 25 25 25 25 25 25 25 25 25 25 25 25 2 25 25 25 
2 25 15 25 25 25 25 25 25 25 25 22 25 25 25 25 8 25 25 25 
25 25 25 25 25 25 25 25 25 25 25 25 25 25 25 25 25 25 25 
25 25 25 25 25 25 25 25 25 25 25 25 25 25 25 25 25 8 
25 25 25 25 25 25 25 25 25 25 25 25 25 25 25 25 25 
25 11 25 25 25 25 25 25 25 25 25 25 25 25 25 25 
25 25 25 25 25 25 25 25 25 25 22 25 25 25 25 
25 25 25 25 25 25 25 25 25 25 25 25 25 25 
25 25 25 25 25 25 25 25 25 25 25 25 25 
25 12 25 25 23 25 25 25 25 25 25 25 
25 25 25 25 25 25 25 25 25 25 25 
25 25 25 12 25 25 25 25 25 25 
25 25 25 25 25 25 25 25 25 
25 25 25 25 25 25 25 25 
25 25 25 25 25 25 25 
25 25 25 25 25 25 
25 25 25 25 9 
25 25 25 25 
25 25 25 
25 25 
25 

