20 20
20 16 14 20 20 20 20 20 16 20 20 20 20 20 11 20 20 20 10 
20 20 20 20 20 20 20 20 20 3 2 20 20 20 10 20 3 20 
20 20 5 20 20 20 20 20 20 0 20 20 2 20 4 20 20 
10 20 8 20 8 20 20 20 20 20 20 20 4 20 20 15 
20 20 11 12 20 20 20 20 20 20 20 20 20 20 20 
20 20 20 11 20 2 20 20 20 20 20 20 20 20 
11 20 20 15 0 6 20 20 20 20 8 6 14 
20 20 20 20 11 16 20 20 20 20 20 20 
20 20 20 20 10 11 17 20 6 20 20 
20 20 20 20 20 20 20 20 20 20 
20 20 20 20 20 20 20 20 2 
20 20 20 20 20 20 20 20 
20 20 20 20 20 20 20 
20 20 20 20 20 20 
20 20 20 5 20 
20 20 20 20 
3 20 20 
20 20 
20 

20 19 20 20 17 20 20 20 20 20 20 20 3 20 4 10 20 20 20 
12 20 20 20 11 20 20 20 20 6 20 20 20 17 20 20 17 20 
20 20 20 20 10 19 5 20 20 20 6 19 20 20 20 17 12 
18 20 20 20 20 20 20 20 18 20 20 20 20 20 11 20 
20 16 20 20 9 11 20 20 20 20 20 20 20 20 15 
20 20 20 20 20 20 20 20 20 20 20 20 20 20 
20 20 20 14 20 20 20 20 20 20 20 20 20 
20 20 20 20 20 20 20 20 20 20 20 17 
20 20 9 20 9 10 20 20 20 20 20 
20 20 20 12 20 2 0 20 20 20 
20 20 20 20 4 20 20 20 20 
12 20 20 20 20 20 20 20 
20 13 20 20 20 20 20 
20 20 20 13 20 20 
20 18 20 14 20 
20 20 20 20 
20 20 20 
20 20 
20 

1 8 13 19 13 20 16 13 12 12 7 16 4 12 2 9 18 9 2 
20 11 20 15 20 20 1 18 20 20 20 20 15 20 20 20 20 20 
20 20 20 20 20 20 20 20 15 0 20 20 20 20 20 17 20 
10 2 20 20 20 20 20 20 20 20 20 20 20 20 20 20 
20 20 20 20 20 20 20 20 20 20 20 20 20 20 8 
20 20 20 20 8 20 20 20 20 20 20 10 20 20 
20 3 20 20 20 20 4 20 20 20 20 20 20 
20 20 20 20 20 6 20 20 20 20 20 20 
20 20 20 20 20 20 20 20 20 20 20 
20 20 20 20 20 18 20 20 20 20 
20 20 20 20 20 20 20 20 20 
20 20 20 20 20 20 20 20 
20 20 20 20 20 20 20 
20 20 20 20 1 20 
20 20 20 20 20 
4 6 20 20 
20 20 20 
20 20 
20 

20 20 19 2 11 20 20 6 20 20 20 20 20 20 20 20 20 20 20 
20 4 20 20 20 20 20 20 20 20 20 20 17 20 7 18 20 3 
20 20 20 20 20 20 20 20 20 20 20 15 20 20 20 19 20 
20 20 20 20 0 20 8 20 20 20 20 20 12 20 11 20 
20 20 20 20 20 20 20 20 20 20 20 20 20 20 20 
0 20 20 20 1 20 20 4 20 20 2 7 20 20 
20 12 20 20 20 20 20 20 20 20 2 20 20 
20 20 20 20 20 18 20 20 20 20 0 20 
20 9 19 20 20 9 20 20 3 20 20 
20 20 20 20 3 20 20 20 20 12 
20 20 20 12 20 20 20 20 20 
20 1 20 20 20 20 20 20 
20 20 20 20 7 20 20 
20 20 20 6 20 9 
20 20 20 20 20 
20 17 20 20 
20 20 20 
0 20 
0 

8 20 20 9 20 20 20 20 8 20 2 20 20 20 20 20 20 17 20 
20 20 20 20 20 17 20 20 20 20 20 20 20 20 20 20 20 20 
20 13 20 20 20 20 20 20 20 20 20 20 19 13 20 20 20 
15 20 20 20 17 17 20 20 20 20 20 20 20 20 20 16 
7 20 18 20 20 20 20 20 20 20 20 20 20 20 20 
12 0 20 20 15 20 20 20 20 20 6 20 20 20 
20 20 20 17 20 15 20 20 4 20 20 20 19 
20 17 8 20 20 20 20 20 20 20 20 14 
20 20 20 16 20 20 20 20 20 20 6 
20 20 20 20 20 20 20 15 20 20 
20 20 4 20 20 20 20 20 20 
20 20 4 20 14 15 20 15 
12 8 3 20 20 20 20 
20 20 20 20 20 20 
20 0 20 20 20 
20 20 20 20 
20 20 20 
20 20 
20 

20 20 20 20 20 20 20 20 20 20 20 20 17 16 20 20 12 20 20 
20 20 20 20 20 9 2 15 20 2 20 1 20 2 20 20 20 8 
20 20 20 20 20 20 12 20 0 20 20 20 20 4 20 20 20 
20 20 20 20 20 20 3 20 8 20 8 16 20 20 20 20 
20 20 20 20 20 20 20 13 0 20 20 20 9 14 11 
20 8 20 20 20 20 20 20 20 20 12 20 20 20 
20 20 20 20 20 20 20 20 14 7 20 20 20 
20 20 6 20 19 20 20 20 20 20 20 10 
20 20 20 20 20 9 20 13 16 20 19 
20 20 1 20 20 3 20 20 20 13 
20 20 20 20 20 20 20 1 20 
20 20 20 20 20 20 20 20 
20 20 20 17 20 20 20 
20 20 20 20 20 20 
20 20 20 20 20 
20 20 20 20 
20 20 20 
20 20 
20 

14 20 20 13 12 17 0 20 20 15 6 4 20 20 3 18 13 20 20 
16 20 20 20 7 20 14 20 0 20 7 20 19 20 20 20 9 5 
20 20 5 20 20 5 5 20 20 20 10 1 20 20 20 20 3 
13 20 20 20 9 20 20 9 20 20 20 20 20 20 20 20 
20 20 20 20 20 20 20 20 20 20 20 20 8 20 20 
20 20 20 20 20 20 20 5 20 20 20 20 20 20 
20 20 20 20 20 20 20 20 16 20 20 20 20 
20 20 20 8 20 20 14 20 20 20 20 20 
20 20 1 20 20 20 20 3 20 20 20 
20 20 20 20 20 20 20 20 20 20 
20 20 20 20 20 20 20 20 20 
20 20 20 20 20 20 20 20 
20 20 13 20 20 20 20 
20 20 20 20 20 20 
20 20 20 20 20 
20 20 20 18 
20 10 20 
20 20 
20 

20 20 9 11 20 12 20 9 20 4 10 20 20 20 20 20 20 14 20 
9 8 20 12 20 20 20 3 8 20 20 18 20 20 5 1 20 12 
20 15 20 18 0 20 20 20 16 20 20 20 20 20 20 20 14 
20 15 3 20 20 7 17 3 20 20 20 20 20 20 20 20 
20 20 20 20 20 20 20 20 20 20 20 20 20 20 20 
20 20 20 20 20 20 20 20 20 20 11 20 20 20 
20 20 20 20 20 20 17 20 20 20 20 20 20 
20 20 20 20 20 20 20 20 20 20 20 20 
20 20 20 20 20 20 20 12 20 20 20 
20 20 20 14 20 20 20 20 20 20 
20 10 20 20 20 20 20 20 20 
20 12 20 10 20 17 20 20 
20 20 20 20 20 1 20 
20 20 20 20 20 20 
2 20 20 20 20 
20 20 15 20 
20 20 20 
20 20 
1 

14 20 20 20 20 20 20 20 20 17 20 20 20 20 20 13 20 20 20 
20 18 20 8 20 20 20 20 20 5 20 13 20 20 20 20 0 20 
4 17 20 4 20 20 14 20 20 20 20 20 20 15 20 20 20 
20 20 20 17 20 20 7 20 20 20 20 2 12 20 20 15 
20 20 16 20 20 20 20 20 20 20 20 20 20 11 18 
10 20 20 12 20 20 6 7 1 20 20 20 14 2 
20 3 20 20 20 6 20 20 0 20 20 6 20 
20 20 20 16 20 20 20 20 20 20 20 20 
20 20 20 20 20 20 20 20 20 20 20 
20 20 20 20 20 20 20 20 20 20 
20 12 20 20 20 20 20 20 20 
20 20 16 20 12 20 20 20 
20 19 20 20 20 20 20 
20 20 20 20 20 20 
20 20 20 20 20 
20 20 20 20 
20 20 20 
20 14 
20 

17 20 4 20 20 3 20 20 0 7 20 7 20 20 17 20 20 20 20 
2 20 16 20 4 0 7 8 2 16 20 20 6 4 19 10 13 20 
13 6 20 2 20 20 20 20 20 20 2 20 20 20 20 20 20 
20 20 20 20 20 20 20 20 20 20 20 20 12 20 20 20 
20 7 20 20 20 20 20 20 20 20 20 20 20 10 20 
20 12 20 20 20 20 20 20 20 20 7 20 20 20 
20 20 20 20 20 20 20 20 20 4 20 20 20 
20 20 20 20 20 20 20 20 20 20 20 20 
18 20 20 20 20 20 20 20 20 20 20 
20 20 20 20 5 20 20 20 20 14 
20 20 20 20 20 20 20 20 20 
12 20 20 20 20 20 20 20 
18 20 20 20 20 20 20 
20 20 20 1 20 20 
20 20 8 20 20 
20 9 20 20 
20 20 20 
20 20 
20 

