30 30
21 29 7 30 26 7 17 29 22 7 14 15 30 20 12 8 8 18 2 10 30 8 3 18 18 11 10 26 27 
8 11 10 17 30 8 30 30 23 15 6 25 27 23 7 23 17 4 1 3 28 28 24 16 30 23 10 30 
30 20 15 16 26 25 13 1 20 11 22 24 29 24 30 30 8 30 30 30 30 30 30 2 30 30 30 
30 30 30 30 30 30 30 30 30 30 30 30 30 30 30 30 30 30 30 30 30 30 30 17 30 30 
30 30 30 30 30 30 30 30 30 30 30 30 30 29 30 30 30 30 30 30 30 30 30 30 30 
30 30 30 30 30 30 30 30 30 30 30 30 30 30 30 30 30 18 30 30 30 30 30 22 
30 30 30 30 30 30 30 30 30 30 28 30 30 29 30 30 30 30 30 30 30 30 30 
30 30 19 30 30 30 30 30 30 30 30 30 30 30 30 30 30 30 30 30 30 30 
30 30 30 30 30 30 30 30 30 30 30 30 30 30 30 30 17 30 30 30 30 
30 30 30 30 30 30 1 0 30 30 30 30 30 30 30 30 30 30 1 30 
30 30 30 30 30 27 30 30 30 30 30 30 30 30 30 9 24 30 30 
30 30 30 30 30 30 30 20 30 30 16 30 30 30 30 30 30 30 
30 30 30 30 30 30 30 30 30 30 30 30 23 30 30 30 30 
30 30 30 30 30 30 30 30 30 30 30 30 30 30 30 30 
30 9 30 30 30 30 30 30 30 30 30 30 30 30 30 
30 30 11 30 30 30 30 30 30 30 30 30 30 30 
30 30 30 30 30 30 30 6 30 30 30 30 30 
30 30 30 30 30 30 30 30 30 30 30 30 
30 19 30 30 30 30 30 30 30 30 30 
30 30 30 30 30 30 30 30 30 30 
30 30 30 30 30 30 30 30 30 
30 30 17 30 30 30 30 30 
30 30 30 30 30 30 30 
30 30 30 30 30 30 
30 30 30 30 30 
30 15 30 30 
30 30 30 
30 30 
30 

30 19 30 30 30 30 30 30 26 30 16 21 30 30 30 26 30 27 30 30 30 4 30 30 30 20 18 30 30 
30 30 30 30 30 30 14 9 30 30 19 11 30 30 27 10 30 30 9 1 30 30 30 30 30 30 19 30 
20 30 28 30 30 30 30 30 9 30 30 30 30 30 29 30 26 30 30 6 30 30 30 14 30 30 30 
30 20 30 15 30 18 30 30 30 30 0 30 30 30 30 30 30 30 30 29 30 30 30 30 29 30 
30 3 20 30 30 30 30 30 30 28 30 30 27 30 30 14 30 30 30 30 30 30 17 30 30 
30 29 30 30 29 30 30 30 20 30 30 30 30 30 5 30 6 30 30 30 22 30 30 17 
30 30 30 30 25 30 30 30 30 30 30 26 30 30 30 30 30 16 18 30 8 30 23 
30 30 30 30 29 30 18 30 20 30 30 30 30 30 30 30 30 30 30 30 30 30 
30 25 30 30 3 30 30 27 30 30 30 30 30 30 22 26 30 30 30 30 30 
30 30 30 30 30 30 30 30 30 30 30 13 30 4 16 24 30 30 30 30 
1 30 30 25 8 17 25 30 30 30 30 25 30 30 13 30 30 30 13 
30 23 12 30 5 30 30 13 30 30 26 30 30 16 30 30 30 14 
30 30 30 20 30 26 3 30 13 30 30 30 30 30 30 30 30 
30 30 30 30 30 30 30 30 30 30 15 30 30 30 30 30 
30 30 30 30 30 30 30 30 30 30 30 30 30 30 30 
30 30 30 30 30 30 30 30 28 30 30 30 30 30 
30 30 30 30 30 30 6 30 30 30 30 30 30 
30 18 30 30 30 30 30 30 30 30 30 30 
30 30 30 30 30 30 30 30 30 18 27 
30 30 30 30 30 30 30 30 30 30 
30 30 30 30 30 30 30 30 30 
30 30 30 30 30 30 30 30 
30 30 30 30 30 30 30 
30 30 30 30 30 30 
30 30 30 30 30 
30 30 30 30 
30 30 30 
30 30 
30 

30 30 2 28 30 30 30 2 3 15 29 30 24 30 30 30 22 10 30 30 30 30 10 0 2 30 12 29 30 
10 30 11 30 14 6 22 30 2 30 30 14 30 30 12 18 4 18 27 25 30 8 11 30 30 27 22 30 
12 30 5 20 4 30 18 19 30 0 22 2 4 30 27 25 3 9 18 30 8 18 30 29 9 30 30 
30 4 20 30 30 11 30 30 28 21 25 30 30 23 9 20 30 30 30 8 16 22 24 30 10 30 
21 15 30 30 30 30 30 19 30 30 30 30 30 27 30 30 30 30 30 30 30 30 30 30 30 
30 30 30 30 30 30 30 30 30 30 30 30 18 30 18 30 30 30 30 30 30 30 30 30 
30 30 30 30 30 30 30 30 30 30 30 30 30 30 30 30 30 30 30 30 30 30 30 
30 30 30 30 30 30 30 13 30 30 30 30 30 30 30 30 30 30 16 30 30 30 
30 30 30 30 30 30 30 30 30 30 30 30 30 30 30 30 30 30 30 11 30 
30 30 30 30 30 30 30 30 30 30 30 30 30 30 30 30 30 30 30 30 
30 30 30 6 30 30 30 30 30 30 30 30 30 30 30 30 30 27 30 
30 30 30 30 30 30 30 30 30 30 30 30 30 30 18 30 30 30 
30 30 30 30 30 30 30 30 30 30 30 7 30 30 30 30 30 
30 30 30 30 30 30 7 30 30 30 30 30 30 30 30 30 
30 20 30 30 30 30 17 30 30 30 30 30 30 30 30 
30 30 30 30 30 30 30 30 30 30 30 30 30 24 
30 30 30 30 30 30 30 30 30 30 30 30 30 
30 30 30 30 30 30 30 30 30 30 30 30 
30 30 8 30 30 30 30 30 30 30 30 
30 30 7 30 30 30 30 3 30 30 
30 30 30 30 30 30 30 30 30 
30 30 30 30 30 30 30 30 
30 30 30 30 30 3 30 
13 9 30 30 30 30 
30 30 30 30 30 
30 30 30 30 
30 30 30 
30 30 
30 

28 14 30 28 14 17 28 9 24 30 8 3 1 3 30 10 30 30 30 17 30 28 5 10 14 30 10 30 30 
30 21 30 30 6 22 21 16 1 7 10 30 0 10 29 13 29 30 30 30 30 30 11 30 12 14 30 14 
11 30 2 30 30 10 26 30 4 14 21 16 14 18 21 30 30 30 30 3 14 30 30 2 20 30 30 
30 12 30 30 24 8 13 28 28 30 30 4 9 30 7 0 29 14 30 30 28 12 30 18 30 30 
26 0 20 30 30 1 30 30 30 30 23 30 30 30 11 19 30 30 30 30 30 30 30 30 30 
30 30 30 30 30 30 30 30 30 30 30 30 30 30 30 30 30 30 30 30 30 30 30 30 
30 30 30 30 30 30 30 30 30 30 30 30 30 30 30 30 30 30 30 30 30 30 30 
30 30 30 30 30 30 30 30 30 30 30 30 30 30 30 30 30 30 30 30 30 30 
30 30 30 30 30 30 30 30 30 30 30 30 30 30 30 4 30 24 30 30 30 
30 30 30 18 30 30 30 30 30 30 30 30 30 30 30 30 30 30 30 30 
30 30 30 30 30 30 30 30 30 30 30 30 30 30 30 30 19 30 30 
30 30 30 30 30 30 30 30 28 30 30 30 30 30 30 30 30 30 
30 30 30 30 30 30 30 30 30 30 30 30 30 30 30 0 30 
30 30 30 30 30 30 30 30 30 30 30 30 30 30 20 30 
30 30 30 30 30 30 30 30 30 30 30 30 30 30 30 
30 30 30 30 30 30 19 30 30 30 30 30 30 30 
30 30 30 30 30 30 30 30 30 30 30 30 30 
30 1 30 30 30 30 30 30 30 30 30 30 
30 30 30 30 30 30 11 30 30 30 30 
30 30 30 30 30 30 30 30 30 30 
30 30 30 30 30 30 1 30 30 
30 30 30 4 30 30 30 30 
20 30 30 30 30 30 30 
30 30 30 30 30 30 
30 30 30 30 30 
30 30 30 30 
30 30 30 
30 22 
30 

30 29 11 30 30 30 6 29 20 30 30 13 5 30 30 30 30 30 30 14 30 12 30 24 11 25 27 7 22 
3 30 7 30 30 30 18 0 30 14 12 30 30 30 10 30 30 30 30 30 30 11 30 22 30 30 6 14 
30 29 30 26 13 30 30 5 30 27 30 30 12 30 30 30 30 4 12 15 25 30 30 30 18 29 30 
30 30 15 30 30 20 30 30 30 30 30 6 30 22 5 30 26 3 30 29 30 30 30 4 4 30 
30 22 11 30 30 30 30 30 7 30 25 30 12 8 30 30 30 30 23 30 30 30 30 30 21 
30 17 30 30 30 30 22 30 14 30 25 30 30 30 30 30 25 30 30 5 29 30 30 30 
30 30 25 30 3 30 30 18 18 30 30 30 30 30 23 22 30 30 30 30 30 30 30 
30 14 30 30 30 30 30 30 30 30 30 30 30 30 5 30 30 30 30 30 30 30 
30 30 30 14 30 30 23 30 30 30 30 30 30 30 30 30 30 30 30 30 30 
30 30 30 30 30 30 30 30 30 30 30 7 30 30 30 30 30 30 13 30 
30 30 30 30 30 30 30 30 30 30 30 30 19 30 30 30 27 30 30 
30 30 30 30 30 30 30 30 30 30 30 30 30 22 30 30 30 30 
30 30 30 30 30 30 30 30 30 30 30 30 20 30 30 30 30 
30 30 30 30 30 30 30 30 30 30 30 30 30 30 30 30 
30 30 30 30 23 30 30 13 30 30 30 30 30 30 30 
30 30 30 30 30 30 30 30 30 30 30 30 30 30 
30 30 30 30 30 30 30 30 30 30 30 30 30 
30 30 30 30 30 30 30 30 10 30 30 30 
13 30 30 30 30 2 30 30 30 30 30 
30 30 30 30 30 30 30 30 30 30 
30 30 30 30 30 3 30 30 5 
30 30 30 30 30 30 30 30 
30 30 30 30 30 30 30 
30 30 30 30 30 30 
30 30 30 30 30 
30 30 30 13 
30 30 30 
30 30 
30 

23 8 25 19 30 30 14 19 6 30 30 30 17 9 16 4 30 13 12 1 30 9 7 30 30 21 30 30 8 
20 5 26 14 30 16 30 17 4 30 30 30 30 30 30 18 30 16 30 30 30 30 16 30 30 22 30 30 
30 8 22 30 29 30 17 23 26 30 18 29 20 30 30 4 29 30 27 30 30 4 30 30 30 30 30 
13 30 30 30 27 30 30 0 28 30 30 30 30 30 1 23 30 30 7 10 13 30 29 12 20 30 
30 10 26 30 30 30 21 18 18 10 21 14 22 30 30 0 30 3 20 30 20 30 30 30 30 
30 30 30 30 30 30 30 24 30 30 30 30 30 2 30 30 30 30 30 30 30 30 30 30 
30 30 30 30 30 30 30 30 30 30 30 30 30 30 30 0 30 30 30 30 30 30 30 
30 30 30 30 30 30 30 9 30 30 30 30 30 30 3 30 30 30 30 30 30 30 
30 30 12 30 30 30 30 30 30 30 30 30 30 30 30 30 30 30 30 30 30 
30 30 30 30 30 30 30 30 30 30 30 30 17 30 30 30 30 30 30 30 
30 30 30 30 30 30 30 30 30 30 10 30 30 30 30 30 30 30 30 
30 30 30 30 30 30 30 30 30 30 30 30 30 30 30 30 30 15 
30 30 30 30 30 30 30 30 14 30 30 19 20 30 30 30 30 
30 30 30 30 30 30 30 30 30 30 30 30 30 30 30 30 
30 30 30 30 2 30 30 30 30 30 30 27 30 30 30 
30 30 30 30 30 30 30 30 30 30 22 30 30 30 
30 30 30 30 30 30 30 30 30 30 30 30 30 
30 30 30 30 30 30 3 30 30 30 30 30 
30 30 30 30 1 30 30 30 30 30 30 
30 30 30 30 30 30 30 23 30 30 
30 30 30 30 30 30 30 2 30 
30 30 30 30 30 30 30 30 
30 30 30 30 30 30 30 
30 30 30 30 30 30 
30 30 30 30 30 
30 30 30 30 
30 30 30 
30 30 
28 

30 30 30 30 30 16 5 30 8 1 30 30 30 30 2 7 30 30 30 30 17 30 30 30 30 30 30 30 1 
30 30 30 2 30 19 30 30 5 30 7 30 12 30 30 30 30 30 30 30 30 25 30 30 30 21 18 30 
19 30 20 4 30 30 30 30 1 30 30 30 30 5 30 30 29 30 30 5 30 26 30 30 30 30 30 
30 28 30 20 30 30 30 30 24 30 8 30 30 30 30 30 30 5 30 30 10 30 30 30 30 30 
30 30 30 30 13 30 18 14 25 30 30 14 30 30 30 30 30 0 30 30 30 30 26 7 30 
30 1 21 30 30 30 30 30 30 30 30 30 23 30 30 30 30 30 2 30 30 14 30 30 
30 30 13 30 30 30 30 30 30 30 30 30 30 30 30 14 16 30 30 0 28 30 30 
30 30 30 30 30 30 30 30 30 30 23 30 7 30 28 30 30 30 30 7 9 30 
30 30 30 18 5 30 30 30 0 3 21 30 30 30 7 30 30 30 30 30 30 
30 30 30 30 30 30 30 30 30 30 30 4 30 0 30 30 30 30 30 30 
30 30 30 16 30 30 30 29 30 30 30 30 30 4 30 20 30 30 30 
30 30 30 1 21 30 30 30 30 30 30 30 15 30 30 30 9 30 
27 30 30 30 30 30 30 30 30 30 30 30 30 30 30 30 30 
30 30 30 30 30 30 3 30 30 30 30 30 30 8 30 30 
13 12 30 30 30 30 30 26 30 30 30 30 30 30 30 
30 23 30 30 30 30 30 30 30 30 7 30 30 30 
30 26 30 30 30 30 30 30 30 30 30 30 30 
30 30 17 30 30 30 30 30 30 30 30 30 
30 10 30 30 30 30 30 30 30 30 30 
30 30 30 30 30 30 30 30 30 30 
30 30 30 30 30 30 30 28 30 
18 20 30 30 30 19 30 0 
30 30 14 10 30 30 30 
30 30 30 30 30 30 
30 30 30 30 30 
30 30 30 30 
30 30 30 
30 30 
30 

27 30 3 2 27 18 30 14 27 28 27 1 30 30 16 16 19 13 21 6 30 5 14 11 26 5 28 5 9 
30 19 30 30 30 6 0 8 13 30 13 22 6 30 5 22 9 19 23 5 30 30 30 30 19 30 22 22 
5 6 27 7 30 20 13 22 27 7 9 21 13 29 30 0 30 5 0 2 10 21 24 30 9 14 30 
30 1 9 30 30 30 30 14 30 30 30 30 30 30 30 30 30 30 30 30 30 30 30 30 30 30 
30 30 30 30 30 30 0 30 30 30 23 30 30 30 30 30 30 15 30 30 30 30 30 30 30 
30 30 30 30 30 30 30 30 30 30 30 17 30 30 30 12 30 30 30 3 30 30 30 30 
30 30 30 30 30 30 30 1 30 30 30 30 30 30 30 30 30 30 30 30 30 30 30 
30 30 30 30 30 30 30 30 30 30 30 30 30 30 30 25 30 30 30 30 30 30 
30 30 30 30 30 9 30 30 30 30 30 30 30 30 30 30 30 30 30 30 30 
30 30 30 30 30 30 22 30 30 30 26 30 30 30 30 30 30 30 30 30 
30 30 30 30 30 30 30 30 30 30 30 30 30 27 30 30 30 30 30 
30 30 30 30 30 30 30 30 30 30 30 30 30 30 30 30 30 30 
30 30 30 30 30 30 30 30 30 30 30 30 30 30 30 30 30 
30 30 30 30 30 30 30 30 30 30 30 15 30 30 30 30 
30 30 30 30 30 30 30 30 30 30 30 30 30 30 30 
30 30 15 30 30 30 30 30 30 30 30 30 30 30 
30 30 30 30 30 30 30 30 30 30 30 30 30 
30 30 30 30 30 30 15 30 30 30 30 30 
30 30 30 30 30 30 30 30 30 30 30 
30 30 30 16 30 30 30 30 25 30 
30 30 30 30 30 30 30 30 4 
3 30 30 30 30 25 30 30 
30 30 30 30 30 30 30 
30 30 30 30 30 30 
30 30 30 30 30 
30 30 30 30 
2 30 30 
30 30 
30 

25 22 7 25 15 21 16 30 30 26 6 30 19 30 30 30 3 30 21 11 30 10 4 1 26 1 29 24 29 
30 24 10 30 16 30 5 30 15 16 18 30 21 9 3 7 30 30 22 30 30 21 10 12 18 25 9 12 
12 11 30 30 30 4 30 30 13 5 16 3 30 15 30 3 0 30 11 3 11 20 17 30 30 24 28 
30 3 30 26 26 2 19 30 17 30 30 30 30 30 30 30 30 30 20 30 30 30 30 30 30 30 
30 2 7 20 30 30 30 30 30 30 8 30 30 30 30 30 30 30 30 30 30 30 30 30 30 
30 30 30 30 30 30 30 30 30 16 30 30 30 30 30 30 30 30 30 30 30 30 22 30 
30 30 30 30 30 30 30 30 30 30 30 30 30 30 30 30 30 30 30 30 30 30 30 
30 30 30 30 30 30 30 30 30 30 30 30 30 30 30 30 30 4 14 30 30 30 
30 30 30 30 30 30 30 30 30 30 30 30 30 30 30 30 30 30 30 30 30 
30 30 30 12 30 30 10 30 30 30 30 30 30 3 30 30 30 30 30 30 
30 30 30 30 30 30 9 30 30 30 30 30 30 30 30 30 30 30 30 
30 30 30 30 30 30 11 30 30 30 30 4 30 30 30 30 30 30 
30 30 30 30 30 30 30 30 30 30 17 30 30 30 30 30 30 
30 30 30 30 30 30 30 30 30 30 30 30 30 30 30 30 
30 30 30 30 30 30 30 30 30 30 30 30 30 30 30 
30 30 30 30 30 30 30 30 30 30 30 30 30 29 
30 30 30 30 30 30 30 30 30 30 30 30 30 
30 30 30 30 30 26 18 30 30 30 30 30 
30 21 30 30 30 30 30 30 30 30 30 
30 30 27 27 30 30 30 0 30 30 
30 30 30 30 30 30 30 30 30 
30 30 30 30 30 30 30 30 
30 30 30 7 30 30 30 
30 30 30 30 30 30 
30 30 30 30 30 
30 30 30 30 
30 30 30 
30 30 
30 

6 30 9 30 30 30 30 30 20 3 2 30 28 30 30 2 30 30 2 30 30 2 30 30 19 30 30 30 30 
30 21 30 30 30 30 14 30 30 0 30 30 30 30 30 2 30 13 30 5 30 23 30 30 30 1 30 30 
30 30 30 30 7 30 30 30 15 30 30 28 23 3 18 30 30 13 30 30 30 23 30 5 30 20 15 
6 30 30 30 30 30 22 0 30 4 30 30 30 14 18 30 30 9 29 30 30 23 30 21 30 30 
15 27 30 5 3 21 30 30 30 30 30 18 6 23 0 3 30 30 30 30 30 30 30 30 30 
30 30 30 22 30 23 26 30 30 30 30 30 17 30 30 30 11 30 13 30 30 30 3 30 
30 4 30 30 30 30 7 30 30 30 6 7 30 30 30 8 30 30 7 30 30 8 18 
30 30 29 30 30 29 5 30 22 30 30 30 30 30 30 27 27 30 30 16 30 30 
30 30 30 30 30 15 30 30 30 30 30 30 30 30 30 30 28 30 30 30 30 
30 30 30 30 30 30 30 30 30 30 30 30 30 30 30 11 30 30 30 30 
30 30 30 30 30 30 30 30 30 30 30 13 30 30 30 30 30 30 30 
30 30 30 30 30 30 30 30 30 30 30 30 30 30 30 30 30 30 
30 30 30 30 30 14 30 30 30 30 30 30 13 30 30 30 30 
30 28 30 30 30 30 4 30 30 30 30 30 30 30 30 30 
30 30 30 30 30 30 30 30 30 30 30 30 30 30 30 
30 30 30 30 30 30 30 30 30 30 30 25 21 30 
30 30 30 30 30 30 30 30 30 30 30 30 30 
30 19 30 30 30 30 30 30 30 30 30 30 
30 30 30 30 25 30 30 30 3 30 30 
30 30 30 30 30 30 30 30 30 30 
30 30 30 30 30 30 30 30 30 
30 30 30 30 30 30 30 30 
30 24 30 30 30 30 30 
30 30 14 30 30 30 
30 30 30 30 10 
30 30 30 30 
30 30 30 
30 30 
30 

