20 20
8 16 14 10 10 17 20 20 16 3 12 20 20 12 11 4 20 20 10 
20 20 2 20 11 20 13 20 20 3 2 20 20 20 10 12 3 6 
15 20 5 19 20 20 20 20 20 0 20 20 2 20 4 20 1 
10 20 8 13 8 7 13 16 20 20 7 2 4 19 4 15 
20 20 11 12 20 20 20 20 20 20 11 20 13 0 9 
11 10 20 11 20 2 20 20 8 6 8 20 20 20 
11 9 19 15 0 6 20 20 20 20 8 6 14 
20 20 3 12 11 16 20 20 20 20 19 20 
20 0 9 20 10 11 17 20 6 20 18 
18 20 12 9 20 20 10 16 19 16 
20 20 20 20 20 20 19 20 2 
20 20 20 20 20 20 18 20 
20 20 20 20 20 17 0 
20 20 20 20 20 20 
8 20 5 5 20 
13 18 9 20 
3 20 20 
20 20 
20 

20 19 20 15 17 20 20 20 15 19 10 20 3 20 4 10 14 20 20 
12 20 0 20 11 10 20 8 20 6 20 16 12 17 20 20 17 1 
4 20 20 20 10 19 5 6 20 20 6 19 19 16 20 17 12 
18 20 20 1 17 14 20 20 18 16 16 17 20 20 11 20 
20 16 14 1 9 11 20 18 20 20 20 20 20 20 15 
20 20 14 20 8 20 3 20 20 10 20 4 0 20 
20 20 20 14 20 20 20 3 10 16 20 20 20 
20 1 11 17 14 20 5 20 16 20 20 17 
20 17 9 20 9 10 20 20 5 20 20 
15 20 20 12 3 2 0 20 20 20 
16 17 20 15 4 20 20 20 11 
12 20 20 20 20 0 20 20 
17 13 20 9 7 10 20 
20 18 7 13 20 20 
20 18 20 14 20 
20 20 13 20 
19 20 20 
20 4 
20 

1 8 13 19 13 20 16 13 12 12 7 16 4 12 2 9 18 9 2 
20 11 20 15 20 1 1 18 20 12 1 2 15 1 10 19 8 1 
17 20 20 20 6 0 1 1 15 0 20 11 17 7 20 17 8 
10 2 12 1 20 20 9 17 8 12 3 12 2 20 10 7 
18 1 20 14 10 18 3 13 3 20 2 13 0 15 8 
0 13 18 16 8 10 8 12 5 12 19 10 12 19 
2 3 15 2 19 20 4 20 20 20 20 20 20 
20 20 20 20 20 6 20 20 20 20 20 20 
20 20 20 20 20 20 20 20 20 20 20 
20 20 20 20 20 18 20 20 20 20 
20 20 20 20 20 20 20 20 20 
20 20 20 20 20 20 20 20 
20 20 20 20 20 20 20 
20 20 20 20 1 20 
20 20 20 20 20 
4 6 20 20 
20 20 20 
20 20 
20 

20 4 19 2 11 13 20 6 14 0 3 6 20 7 5 20 20 20 15 
8 4 20 9 20 20 20 20 6 10 20 20 17 20 7 18 20 3 
6 20 20 20 20 8 16 18 20 3 3 15 20 5 20 19 16 
20 19 20 17 0 20 8 20 20 13 13 20 12 20 11 20 
10 20 20 20 20 20 20 9 20 16 20 20 0 20 20 
0 20 20 20 1 11 20 4 20 18 2 7 20 20 
20 12 20 20 20 20 5 20 0 20 2 9 2 
20 20 20 7 20 18 20 17 14 20 0 20 
17 9 19 20 20 9 20 20 3 7 20 
20 20 20 16 3 7 20 20 20 12 
19 20 4 12 4 20 20 20 20 
20 1 20 20 11 20 18 20 
9 20 20 13 7 7 7 
20 14 16 6 20 9 
20 19 20 20 17 
20 17 20 20 
8 20 4 
0 20 
0 

8 11 20 9 11 0 5 20 8 2 2 20 20 0 20 20 20 17 11 
7 20 17 16 20 17 19 9 20 20 20 6 20 20 7 14 20 13 
1 13 18 20 20 20 20 20 20 5 20 11 19 13 20 20 20 
15 20 2 20 17 17 18 7 20 1 14 20 16 10 20 16 
7 20 18 20 20 20 20 0 16 16 4 20 20 20 7 
12 0 17 14 15 20 20 20 20 20 6 20 20 20 
13 8 15 17 14 15 20 12 4 13 2 20 19 
20 17 8 8 1 2 16 0 20 8 18 14 
20 20 20 16 8 20 13 20 20 20 6 
20 20 20 20 20 20 20 15 7 20 
20 20 4 20 20 20 20 5 20 
20 20 4 20 14 15 20 15 
12 8 3 20 20 1 5 
20 20 20 20 20 20 
20 0 20 20 1 
20 20 20 20 
20 20 20 
13 15 
20 

12 20 19 17 20 20 20 20 15 20 14 20 17 16 6 8 12 20 4 
20 5 20 20 20 9 2 15 20 2 20 1 9 2 20 11 14 8 
13 8 20 8 20 20 12 20 0 0 20 20 7 4 17 14 6 
2 20 8 20 20 15 3 16 8 20 8 16 20 20 20 13 
11 18 16 3 13 20 20 13 0 20 20 20 9 14 11 
20 8 20 20 6 18 5 20 11 9 12 20 20 20 
20 19 9 20 20 16 20 20 14 7 8 20 20 
3 20 6 18 19 20 20 20 20 20 9 10 
14 20 12 16 20 9 20 13 16 20 19 
20 20 1 20 20 3 2 20 20 13 
20 0 20 20 20 16 19 1 18 
20 0 20 13 20 20 16 20 
20 20 15 17 20 20 20 
6 20 20 20 20 20 
20 20 20 20 20 
20 20 20 20 
20 20 12 
20 20 
2 

14 20 9 13 12 17 0 20 20 15 6 4 20 20 3 18 13 20 5 
16 20 3 20 7 20 14 3 0 20 7 20 19 20 20 20 9 5 
12 20 5 14 20 5 5 20 20 20 10 1 20 20 20 20 3 
13 20 10 20 9 11 20 9 20 19 17 20 20 12 2 20 
20 20 5 20 4 0 14 20 20 3 20 20 8 20 10 
8 8 20 20 20 20 20 5 20 1 12 7 2 4 
4 20 17 7 20 20 10 19 16 2 11 20 17 
20 5 20 8 0 9 14 20 19 16 20 6 
20 20 1 20 18 20 20 3 15 9 20 
13 2 16 20 20 20 20 20 20 4 
20 20 0 14 20 20 20 20 8 
20 20 20 7 20 20 20 7 
20 20 13 9 20 0 20 
20 20 18 2 20 4 
20 20 20 20 20 
20 20 20 18 
20 10 20 
20 20 
5 

6 19 9 11 2 12 20 9 0 4 10 20 7 20 20 9 20 14 20 
9 8 20 12 20 20 0 3 8 20 16 18 6 17 5 1 20 12 
0 15 6 18 0 20 20 20 16 20 20 20 20 20 20 20 14 
20 15 3 20 20 7 17 3 19 3 6 20 20 20 20 20 
20 20 0 20 5 20 20 9 20 20 15 20 5 20 6 
13 20 20 3 20 20 20 20 20 20 11 15 20 20 
20 15 20 20 20 20 17 20 8 14 18 5 6 
14 8 19 20 20 14 20 12 0 10 10 20 
20 20 20 20 10 20 20 12 1 6 20 
20 20 20 14 20 0 11 20 0 20 
20 10 20 20 20 20 20 20 3 
14 12 20 10 20 17 5 20 
20 20 12 12 20 1 1 
20 20 10 4 14 20 
2 9 20 20 20 
7 20 15 20 
16 12 20 
20 20 
1 

14 20 20 20 20 20 13 12 15 17 20 20 20 3 0 13 12 20 20 
20 18 20 8 20 20 20 20 20 5 7 13 20 20 20 20 0 5 
4 17 20 4 20 16 14 0 9 20 20 1 20 15 7 8 1 
20 7 7 17 14 20 7 20 20 20 20 2 12 20 20 15 
20 20 16 5 8 8 20 20 20 20 18 17 20 11 18 
10 20 20 12 20 20 6 7 1 6 20 20 14 2 
20 3 4 11 6 6 20 20 0 11 2 6 20 
20 8 20 16 20 18 20 20 16 20 8 3 
5 8 20 16 10 20 20 8 17 20 19 
4 20 13 11 20 20 16 20 3 20 
2 12 20 19 20 20 20 10 20 
20 20 16 20 12 20 20 20 
20 19 20 20 20 20 12 
20 20 3 20 20 20 
13 4 3 13 20 
3 20 20 20 
20 20 20 
20 14 
13 

17 20 4 20 20 3 20 20 0 7 20 7 20 20 17 20 20 20 20 
2 20 16 20 4 0 7 8 2 16 20 20 6 4 19 10 13 20 
13 6 20 2 7 19 20 20 1 19 2 9 20 1 20 20 12 
10 20 20 20 14 20 10 4 20 20 20 15 12 20 20 20 
1 7 8 17 20 15 20 20 20 1 20 20 20 10 20 
20 12 13 20 20 14 4 20 15 5 7 20 20 20 
20 20 20 15 20 3 1 20 10 4 12 20 20 
20 14 0 20 2 20 20 20 9 12 10 6 
18 20 20 20 15 20 14 20 20 10 11 
3 20 14 20 5 20 20 20 12 14 
15 0 2 13 20 15 20 20 20 
12 20 6 14 2 17 12 20 
18 4 20 20 19 7 20 
9 20 16 1 8 20 
20 20 8 20 20 
20 9 20 20 
20 20 20 
20 20 
20 

