50 62
17 24 59 62 22 62 62 62 27 19 46 45 25 33 46 11 45 13 41 14 47 32 62 50 47 33 49 31 34 53 52 4 27 46 38 45 62 18 25 50 60 50 62 54 46 38 43 47 57 
62 12 50 37 8 62 7 36 40 58 62 44 29 18 62 26 55 1 37 60 62 24 15 62 43 13 33 17 24 42 36 27 29 21 54 52 9 0 6 27 25 22 34 32 55 62 12 50 
14 16 24 7 31 52 54 41 13 47 5 14 38 3 60 48 34 25 54 51 62 49 26 52 6 58 0 17 33 6 18 48 49 26 59 1 33 39 12 62 62 56 18 36 27 57 62 
5 23 43 36 17 9 20 40 51 13 47 22 9 10 59 13 62 6 38 62 15 47 50 38 30 47 62 62 55 33 42 2 30 34 33 25 33 48 62 42 17 25 18 27 18 49 
62 15 26 25 57 13 46 62 62 19 37 7 62 27 32 1 62 9 40 52 23 62 28 5 56 61 55 33 0 29 36 9 15 62 26 7 58 57 15 31 30 56 62 32 59 
32 17 56 25 39 37 62 55 13 50 62 46 25 14 62 40 53 48 10 35 41 23 7 46 62 24 10 45 33 22 21 44 43 58 9 3 16 14 47 31 43 25 62 62 
5 46 29 35 2 8 3 43 59 17 37 18 48 61 32 62 62 27 62 15 49 0 56 39 32 22 15 21 15 62 62 48 46 15 53 37 28 62 16 62 8 39 62 
62 48 19 39 32 5 62 60 6 62 57 11 59 2 1 35 62 14 18 42 32 41 54 62 30 46 28 33 59 2 26 11 3 26 45 62 21 0 20 30 56 62 
6 46 60 13 42 5 9 3 32 50 62 62 28 54 62 62 58 62 29 62 14 3 18 28 47 45 44 1 46 44 24 32 20 3 27 16 26 45 30 36 62 
3 10 62 49 11 41 62 10 62 48 20 40 42 5 37 42 62 6 17 48 62 15 30 5 6 5 62 59 21 38 13 3 5 20 2 45 58 38 58 46 
54 7 62 21 21 34 29 62 50 62 19 19 24 61 59 23 27 62 7 56 13 50 55 62 62 21 15 39 62 62 20 12 62 44 62 13 0 7 35 
8 61 62 27 62 62 38 60 43 58 11 31 30 25 62 62 62 62 53 59 46 62 18 3 49 2 62 13 6 43 62 40 49 21 47 28 20 14 
62 62 3 50 61 54 62 45 3 62 17 16 32 62 49 54 25 20 16 7 40 53 62 50 62 48 15 8 62 62 62 37 51 4 5 62 2 
62 1 6 25 49 52 36 19 26 29 24 28 21 62 4 62 62 1 51 17 9 14 16 62 25 21 62 52 9 10 24 62 46 16 39 58 
32 51 22 20 11 22 62 15 62 25 62 19 47 57 62 56 31 39 40 33 61 50 7 62 62 32 3 62 30 0 12 6 62 21 37 
62 62 0 17 48 17 62 50 62 18 33 8 62 59 14 1 62 13 5 62 32 62 62 38 14 50 39 36 16 45 58 8 40 46 
2 10 12 8 28 54 62 50 6 32 60 0 1 62 1 38 43 39 13 61 62 38 33 61 62 61 3 40 46 7 17 33 45 
38 62 2 59 14 29 19 62 12 62 8 30 54 51 55 48 32 15 25 62 42 16 62 23 3 6 62 62 62 29 62 18 
11 49 27 33 6 22 62 26 62 29 51 62 59 14 32 54 21 62 37 62 62 33 52 43 19 14 62 62 28 26 10 
6 62 55 57 62 35 40 51 7 54 54 43 33 62 62 62 20 62 53 33 11 61 36 2 29 62 2 2 9 52 
13 62 27 52 42 14 4 11 20 33 14 5 62 23 10 54 62 33 18 61 10 3 32 3 62 14 62 54 1 
62 46 14 62 10 62 47 17 50 42 38 6 18 40 18 43 35 42 34 54 55 47 39 30 62 19 15 62 
30 8 60 43 48 44 62 9 49 62 6 62 43 62 62 7 61 37 6 7 29 30 38 39 56 20 29 
28 8 4 62 62 42 12 49 31 14 62 62 62 20 18 6 32 45 35 31 39 62 62 50 62 51 
62 60 35 38 46 42 20 32 62 2 7 34 22 62 1 48 56 62 1 62 11 5 21 62 55 
62 24 59 14 59 62 62 59 18 38 62 27 55 25 4 39 11 62 19 38 42 39 60 13 
26 53 19 45 45 23 37 45 50 62 19 24 20 4 10 61 32 20 34 33 23 14 62 
62 62 4 22 53 17 20 62 60 62 41 61 62 3 39 38 27 46 62 18 39 61 
30 42 8 49 28 2 59 18 44 18 39 43 62 62 43 62 41 33 4 32 27 
48 62 52 62 43 15 23 55 24 1 29 7 62 36 54 11 25 24 49 50 
37 57 21 23 13 62 62 36 62 28 19 9 13 53 36 27 51 47 59 
58 44 14 40 24 8 62 53 43 62 62 62 62 30 62 45 46 24 
62 21 62 3 62 25 62 12 52 62 10 58 60 62 14 62 62 
60 62 42 57 62 14 5 22 62 21 62 61 12 15 45 62 
31 7 31 38 19 2 38 22 21 62 4 39 62 62 5 
21 62 62 43 62 54 7 62 25 10 39 45 31 48 
51 23 11 9 62 25 62 4 3 6 62 57 21 
59 7 62 62 17 49 8 32 53 10 56 19 
11 31 42 62 46 12 5 29 36 43 0 
24 23 46 6 62 17 60 3 48 58 
62 62 53 40 8 42 34 27 62 
62 62 38 4 53 47 39 11 
26 12 62 62 16 31 51 
23 62 31 47 7 62 
9 51 62 8 13 
12 47 62 23 
18 49 32 
62 20 
62 

55 48 27 62 25 4 54 43 62 19 54 40 30 33 56 48 41 11 42 15 37 19 5 10 59 16 53 21 13 35 62 62 61 38 54 54 17 60 62 1 42 42 33 51 14 11 30 14 38 
50 11 56 53 20 45 52 26 62 33 47 32 2 26 48 62 62 60 35 57 12 41 25 52 49 51 18 11 22 13 27 60 5 11 30 35 45 62 62 41 30 17 3 32 10 6 6 24 
33 47 14 51 16 31 59 18 62 50 1 22 51 25 60 62 38 58 42 53 62 38 22 52 62 50 44 17 62 40 55 52 22 13 8 62 8 56 5 62 56 25 26 11 44 57 21 
56 30 8 62 23 61 62 35 29 14 16 47 28 62 9 33 50 37 62 39 2 7 48 53 16 42 52 28 22 28 52 53 44 41 5 56 28 62 26 62 47 25 27 11 33 41 
28 60 3 55 18 33 62 43 11 4 21 56 7 43 26 53 14 6 28 39 8 29 57 62 62 36 23 3 18 61 1 22 62 17 3 14 19 51 20 34 17 56 58 49 34 
3 35 47 61 58 11 37 22 14 45 2 40 48 56 15 23 33 34 27 62 12 29 48 38 16 10 16 60 13 34 22 28 62 57 15 62 8 1 34 27 51 61 50 49 
62 62 54 35 62 62 30 27 51 33 40 50 54 33 7 52 44 62 54 35 22 53 9 62 62 55 0 4 2 62 11 25 26 11 62 62 33 56 13 2 62 55 62 
6 49 26 57 62 34 5 19 48 32 4 32 54 46 12 53 15 27 58 62 21 58 35 60 3 62 17 47 16 62 23 61 26 30 60 24 21 35 51 53 48 38 
59 25 12 34 10 62 34 31 28 0 19 21 26 41 60 22 32 62 48 10 47 28 10 62 42 62 54 62 13 43 43 4 61 23 48 14 14 10 41 62 62 
21 59 3 12 32 37 33 36 50 62 6 16 56 51 0 62 10 53 58 33 39 60 51 37 40 62 44 0 38 46 62 40 46 20 14 62 62 59 20 37 
61 21 19 60 26 5 35 5 5 24 26 13 22 14 45 62 55 62 31 57 5 13 25 25 27 56 62 62 29 22 5 62 36 25 12 42 21 51 60 
25 3 59 62 62 21 60 23 6 62 8 45 44 32 35 23 35 37 0 34 49 62 40 57 16 3 32 23 9 7 61 31 62 62 53 38 26 22 
37 37 8 62 26 62 31 3 23 2 4 29 62 17 62 24 62 60 8 3 22 7 57 1 62 37 51 58 62 62 52 32 0 62 41 50 49 
19 58 54 50 54 62 46 62 62 18 62 62 29 58 1 19 0 60 62 0 32 40 36 15 51 62 62 7 13 58 62 38 33 4 19 4 
12 26 10 51 26 3 0 51 53 12 14 27 38 7 62 21 62 62 25 14 20 41 54 42 50 43 58 4 21 59 19 53 12 62 62 
62 47 62 28 9 24 25 16 51 59 15 52 23 62 62 62 51 12 62 9 62 54 35 12 37 49 5 3 62 0 33 62 28 2 
62 28 3 62 10 18 50 49 62 62 29 13 21 62 35 43 33 16 30 44 21 21 43 25 58 9 58 55 39 62 0 62 16 
17 20 61 15 30 9 30 22 21 17 56 62 42 17 62 19 49 41 62 56 52 62 62 28 62 24 22 62 62 9 36 3 
4 55 30 13 59 21 62 12 45 8 62 35 7 27 62 19 33 14 32 39 62 40 32 7 62 62 62 35 37 61 3 
3 53 4 62 12 25 1 62 20 34 62 4 25 24 31 35 40 62 33 15 0 7 62 37 20 25 62 11 37 62 
3 28 62 62 46 31 62 29 22 62 9 29 47 62 4 28 0 62 16 0 29 19 32 14 41 14 58 35 29 
2 62 1 54 2 46 1 20 37 62 62 35 30 12 18 54 51 25 49 47 61 62 60 62 62 50 3 12 
62 6 62 47 62 32 27 15 38 60 62 0 36 51 62 62 38 20 52 62 61 37 62 62 62 62 29 
54 25 62 61 6 62 33 26 55 15 62 33 43 62 44 41 62 62 35 15 31 10 44 62 57 54 
62 52 8 62 33 13 44 52 62 35 62 28 62 20 46 43 31 51 17 62 41 39 57 37 5 
45 62 62 50 1 38 28 35 62 62 46 62 26 34 62 54 22 1 30 37 62 16 9 56 
23 62 62 8 17 61 62 23 27 8 22 8 50 62 28 62 21 20 25 50 62 36 62 
62 43 21 26 47 57 62 54 20 36 3 13 3 6 32 50 52 61 62 43 62 29 
36 62 8 42 40 2 49 31 55 14 7 57 59 49 6 40 7 40 17 26 62 
38 45 38 62 22 62 33 62 62 62 41 62 56 52 62 53 55 29 11 62 
16 17 62 62 19 5 58 62 48 29 62 2 43 62 47 42 19 21 62 
12 62 62 41 31 54 21 62 62 27 26 49 43 62 37 62 27 9 
15 57 14 36 55 8 38 12 24 62 48 43 37 38 1 62 62 
20 38 62 32 25 59 62 62 9 0 31 45 62 40 19 1 
62 58 62 6 43 27 62 0 62 19 22 42 62 30 34 
42 12 32 49 62 38 28 55 25 62 52 31 20 9 
62 49 29 33 8 22 46 31 62 50 19 3 62 
62 62 36 62 62 18 36 23 52 32 49 9 
62 38 6 62 9 62 15 11 62 62 36 
62 58 62 39 44 5 2 57 43 1 
49 31 45 47 40 57 43 52 46 
62 40 62 32 43 51 0 3 
31 23 62 62 39 37 62 
40 62 29 45 47 11 
50 53 59 62 61 
59 43 62 7 
62 35 62 
47 60 
38 

55 45 60 26 62 11 45 12 55 8 43 1 47 5 9 17 62 51 7 18 2 38 16 62 11 62 20 47 62 8 42 37 23 62 62 58 43 53 62 46 31 50 43 16 34 45 51 10 38 
45 61 5 61 22 62 16 52 56 22 18 54 48 48 2 8 59 40 9 26 62 48 52 62 33 25 62 62 22 52 24 62 50 20 38 49 7 4 21 20 13 53 62 20 51 16 18 17 
1 31 42 25 6 21 41 15 59 51 39 42 43 52 48 53 31 41 22 0 26 27 17 32 36 8 62 62 34 41 31 12 55 62 55 11 47 3 21 8 24 30 62 3 50 62 45 
36 39 53 56 61 23 62 62 17 62 52 57 30 20 50 47 15 62 27 14 34 26 28 21 61 30 62 6 7 55 62 0 8 27 41 37 15 23 24 30 24 50 37 6 47 36 
62 62 29 62 62 49 7 7 30 53 30 43 44 5 54 49 41 7 60 38 43 38 38 38 58 62 26 56 40 55 48 6 27 12 61 32 2 30 13 2 62 24 6 6 8 
62 3 11 60 22 13 62 42 29 26 4 9 42 62 56 26 20 5 29 11 35 12 61 19 28 46 14 31 48 35 27 2 62 62 33 4 40 9 62 42 62 45 41 28 
62 1 58 13 36 51 37 62 52 9 62 62 8 6 59 10 31 52 26 30 36 41 9 62 37 1 46 62 47 12 25 62 15 27 6 13 62 62 47 62 23 24 8 
15 45 60 42 34 51 5 24 20 10 2 48 34 33 9 6 62 56 36 29 32 0 0 12 37 23 13 33 17 8 55 3 24 62 51 50 45 51 62 9 60 9 
15 34 31 62 0 4 11 62 15 37 8 17 28 51 21 38 45 39 62 25 29 62 62 48 60 16 55 21 54 22 43 51 28 62 62 41 2 28 58 48 62 
20 62 37 62 13 5 49 17 10 35 47 39 11 62 20 62 30 11 43 20 39 45 6 53 6 37 1 19 2 62 62 62 17 62 51 13 19 40 33 62 
58 38 24 59 31 62 43 41 8 18 42 22 21 60 40 36 11 15 22 31 10 24 16 32 44 6 48 16 11 32 34 11 12 6 31 61 45 50 26 
17 54 22 60 5 62 18 20 27 61 27 10 11 8 54 30 11 3 15 41 32 58 4 40 62 54 62 17 14 40 50 62 6 55 6 14 15 31 
17 10 7 8 32 29 10 62 15 62 30 32 28 50 62 59 0 33 5 21 34 52 62 25 14 35 29 62 62 30 40 33 39 35 30 32 59 
19 21 42 25 7 8 59 55 15 27 5 59 26 47 14 36 62 17 33 62 10 7 60 14 50 33 14 33 53 56 52 5 10 7 61 41 
39 62 39 62 6 33 32 0 47 23 48 4 54 56 57 4 57 53 24 6 62 7 28 26 9 49 3 58 26 3 58 10 22 62 51 
62 28 15 54 9 19 2 17 23 43 62 31 17 29 62 62 0 33 50 11 7 28 62 6 62 26 6 41 62 0 18 0 27 15 
62 48 31 62 48 62 22 53 62 62 16 21 53 58 26 39 50 61 9 50 20 47 54 54 2 3 43 39 52 56 62 51 62 
16 4 62 32 14 7 43 20 23 62 32 62 55 39 3 35 20 57 49 55 33 16 59 31 54 47 45 62 19 62 13 31 
22 62 37 52 1 2 62 9 53 53 20 62 9 62 62 13 4 15 62 50 62 23 8 58 62 58 62 53 10 8 57 
62 16 50 29 16 58 60 10 54 62 10 50 9 18 45 38 29 1 44 42 39 4 59 6 62 42 16 51 56 62 
62 62 32 11 44 33 61 7 58 61 25 1 23 9 62 28 50 47 37 62 53 39 59 1 14 29 59 49 38 
36 7 7 62 1 35 62 19 22 36 49 48 44 61 39 42 15 35 16 15 0 56 61 50 54 51 48 3 
8 32 28 17 49 46 57 1 60 35 4 46 29 58 43 36 42 37 7 41 42 0 51 12 29 44 10 
13 31 6 37 62 20 48 14 53 25 9 39 54 45 60 22 30 62 43 62 7 24 9 10 44 53 
4 57 46 29 62 24 25 22 32 7 30 36 32 9 44 24 18 27 50 61 24 20 62 6 39 
4 7 3 22 62 10 62 10 6 48 55 62 38 47 12 28 20 8 46 30 0 41 38 62 
57 62 38 13 9 49 62 62 12 6 62 4 62 4 43 22 62 8 12 38 62 31 45 
20 22 3 4 41 55 55 11 62 26 32 28 46 62 6 51 60 62 62 4 3 55 
39 62 26 48 62 18 24 43 48 19 38 31 24 19 62 49 5 26 41 29 62 
23 62 23 41 49 62 7 61 55 62 62 41 24 17 44 54 60 9 41 62 
34 30 58 52 16 9 62 54 51 17 13 62 40 40 25 62 4 13 17 
33 58 21 28 3 42 11 9 62 11 18 55 62 18 20 39 18 22 
0 62 62 22 50 11 62 45 18 19 6 45 29 9 25 1 15 
11 14 56 62 62 46 36 14 60 27 51 8 3 56 5 23 
18 22 37 40 18 44 62 51 34 62 23 14 36 59 62 
62 9 40 24 50 8 42 29 21 21 4 19 62 62 
34 17 62 18 22 62 62 3 33 50 51 31 47 
42 62 40 47 62 62 62 62 62 62 62 62 
62 17 62 62 62 62 62 62 62 62 62 
62 62 62 19 62 62 62 62 62 62 
62 62 62 62 62 62 62 62 62 
62 62 62 62 62 62 62 62 
62 62 62 62 62 62 62 
62 62 62 62 62 62 
62 62 62 62 62 
62 62 62 62 
62 62 62 
62 62 
62 

22 55 11 2 3 3 5 29 17 47 62 62 20 58 57 4 41 47 16 62 4 30 8 13 62 58 62 32 62 62 62 1 61 29 62 30 62 24 31 34 62 55 1 4 54 62 3 23 62 
36 48 9 34 56 24 3 58 53 62 49 62 54 60 54 62 40 2 27 26 51 8 14 51 47 47 61 58 62 62 46 3 39 20 62 2 10 35 62 34 44 23 14 62 43 31 37 20 
27 4 12 62 25 61 9 28 39 8 62 22 51 53 27 32 50 58 43 62 5 6 33 37 29 30 62 12 58 38 20 30 8 38 59 27 49 40 57 31 24 44 29 6 32 7 12 
47 44 62 55 45 55 14 19 13 29 31 24 62 20 45 14 10 1 62 62 47 62 50 53 53 26 48 59 62 28 39 45 49 40 19 21 62 43 51 32 2 1 0 40 43 4 
62 7 44 21 51 5 39 62 52 19 9 62 30 55 29 27 62 59 0 37 41 11 6 52 31 16 62 33 14 52 35 60 15 44 57 28 38 15 24 38 22 43 3 3 62 
40 40 54 22 30 36 54 41 42 37 43 62 1 47 27 19 28 20 10 44 28 52 40 2 48 0 6 12 23 6 62 15 44 38 57 24 62 59 3 3 24 21 5 53 
15 30 5 50 51 37 16 29 56 42 21 31 37 52 38 13 17 62 20 25 2 62 56 11 39 59 29 51 53 18 46 45 9 58 52 40 11 56 62 32 55 23 51 
62 27 34 23 23 62 26 55 18 7 62 62 62 15 61 62 62 8 25 0 9 26 4 0 15 55 13 14 28 23 62 52 59 22 55 62 9 25 22 18 62 29 
4 49 12 60 23 57 62 62 8 49 56 62 62 62 62 43 2 53 26 30 62 17 29 20 31 7 16 13 62 28 62 56 62 7 61 62 62 62 12 21 6 
59 43 5 2 49 43 35 56 53 14 2 34 40 55 57 62 62 33 30 36 24 11 55 23 62 62 47 62 22 11 32 40 62 35 23 60 54 52 59 10 
10 38 8 25 55 18 51 29 45 26 62 36 24 1 62 62 28 34 62 51 5 33 62 57 50 11 62 41 13 2 29 35 2 5 24 17 17 50 39 
39 40 62 28 29 62 62 25 4 53 16 54 51 25 1 0 29 35 49 21 9 62 20 62 58 21 34 16 7 60 57 25 62 57 27 12 10 60 
62 62 62 49 36 62 62 23 62 61 18 50 43 46 27 62 47 61 30 1 15 2 62 56 15 47 58 57 40 48 23 4 16 17 28 44 57 
7 40 23 43 26 62 28 7 27 22 13 60 62 51 62 62 3 62 43 60 34 12 52 16 9 35 8 62 22 58 5 3 52 33 62 62 
41 3 39 62 34 62 7 36 62 62 13 40 15 46 53 40 61 62 36 44 62 31 16 43 13 39 17 5 24 24 45 48 13 5 44 
38 24 26 47 16 62 15 36 40 19 38 62 38 56 28 38 62 58 5 34 9 38 26 57 11 1 38 45 3 4 60 56 11 36 
52 5 5 39 62 38 31 62 4 62 31 25 17 18 54 59 0 21 62 1 43 47 21 48 8 6 45 43 50 42 61 8 1 
35 45 5 51 55 47 20 34 49 14 47 6 40 62 46 18 3 14 12 57 48 9 62 20 62 2 50 12 12 14 62 23 
34 25 36 49 23 1 59 53 33 50 7 29 45 17 12 11 38 32 49 62 1 17 6 61 28 58 2 1 47 46 39 
7 9 13 19 32 58 56 27 31 41 26 39 16 4 62 62 49 41 27 23 13 28 22 0 38 11 27 55 20 45 
16 42 26 13 8 6 4 30 23 29 39 22 15 53 47 62 8 13 3 9 26 4 37 62 46 55 21 24 10 
16 62 11 35 52 30 36 6 53 42 60 1 26 50 39 46 41 15 50 62 56 12 42 29 7 3 22 55 
27 62 12 62 52 56 12 18 62 34 62 27 52 26 53 27 22 59 11 11 35 35 21 37 62 55 58 
62 16 24 29 52 30 36 57 12 62 21 11 45 46 62 2 33 28 14 62 3 44 36 25 56 41 
7 62 50 6 44 13 62 26 46 60 53 7 62 46 46 32 62 16 25 50 38 6 37 54 35 
21 37 34 14 62 62 7 62 2 44 40 2 31 36 62 51 62 48 14 28 20 20 3 12 
3 12 25 40 59 62 9 62 3 20 30 1 10 31 39 52 4 1 19 38 32 58 62 
37 9 47 21 54 62 62 27 34 26 11 48 13 25 15 58 48 40 59 46 35 28 
33 26 62 3 42 58 19 32 62 37 56 27 52 38 0 39 28 9 17 62 5 
17 25 6 2 57 40 24 28 1 32 2 59 16 44 44 17 57 31 4 29 
23 9 32 12 26 14 7 62 58 11 58 62 2 51 48 20 46 56 7 
58 55 5 54 20 33 17 16 7 16 34 30 46 35 42 54 48 19 
59 2 21 17 38 31 23 19 29 51 41 59 13 28 48 61 30 
33 13 31 1 51 62 60 18 46 23 17 12 58 0 29 57 
47 32 29 39 6 24 24 2 10 42 62 40 9 62 11 
52 24 38 0 12 51 44 44 10 22 46 41 20 62 
62 62 62 62 62 36 62 62 62 62 62 62 62 
62 62 62 62 62 62 62 62 62 62 62 62 
62 62 62 62 62 62 62 62 62 62 62 
62 62 62 62 62 62 62 62 62 62 
62 62 62 62 62 43 62 62 62 
62 62 62 23 62 62 62 62 
62 62 62 62 62 62 62 
62 62 62 62 62 62 
62 62 62 62 62 
62 62 62 62 
62 62 62 
62 62 
62 

24 47 35 60 58 54 27 25 4 10 12 56 58 0 12 52 33 29 18 36 10 33 62 32 2 23 8 50 62 37 48 52 62 52 62 60 48 62 33 17 38 12 26 52 12 9 46 11 29 
37 62 26 61 22 61 32 52 51 8 29 37 30 8 62 23 62 40 19 17 31 42 22 60 47 15 46 11 62 29 23 62 48 0 2 32 2 16 62 11 62 37 46 62 47 10 46 15 
41 40 0 55 20 53 19 62 3 44 36 30 0 39 38 30 34 34 14 27 12 16 36 4 37 38 41 17 28 9 4 49 45 16 35 26 16 39 7 40 62 56 54 20 51 62 62 
0 56 62 62 48 47 9 60 61 19 62 32 17 7 43 33 54 0 4 17 62 22 41 62 41 0 37 35 0 56 56 6 19 62 55 40 44 7 62 49 62 47 41 6 50 3 
34 36 11 47 31 27 59 62 1 51 55 38 18 15 62 13 22 52 13 28 37 8 58 20 27 28 3 48 40 47 11 8 27 62 50 12 0 35 62 35 57 61 41 62 62 
39 46 31 34 11 9 14 17 4 7 21 19 23 12 6 62 62 37 57 17 62 39 62 44 47 59 5 61 49 13 48 44 27 44 43 52 8 18 13 20 25 10 44 20 
53 7 24 54 62 41 3 0 48 42 0 13 50 62 62 6 26 49 23 43 11 57 21 15 35 8 14 35 33 55 29 0 4 41 45 49 55 52 21 27 51 30 52 
2 33 34 49 50 13 62 24 17 3 40 54 49 62 24 0 4 62 5 23 1 62 0 24 62 48 62 58 62 54 62 40 8 60 32 50 24 42 29 51 50 0 
23 27 58 62 46 26 62 35 62 6 55 23 6 15 6 62 7 16 53 62 40 62 6 62 62 47 62 8 52 20 14 17 44 32 12 43 15 34 15 14 6 
62 22 62 10 6 16 62 54 62 62 62 51 25 7 54 53 29 41 35 60 60 12 25 2 62 62 39 55 29 1 37 2 7 62 37 8 41 5 45 36 
9 62 35 6 62 47 24 55 52 8 44 62 59 32 62 62 11 20 45 55 38 26 62 5 14 30 16 32 62 62 62 15 62 62 61 39 62 51 61 
62 4 28 43 16 49 23 19 37 44 62 44 59 62 17 62 22 14 62 10 6 62 39 32 62 44 8 23 44 15 26 44 55 33 0 62 57 17 
62 62 59 16 19 27 41 43 27 20 42 62 41 2 62 32 23 62 62 3 7 62 62 10 39 11 55 50 50 50 62 6 15 42 15 44 62 
62 3 7 51 39 62 36 36 13 51 62 59 48 5 62 21 62 30 1 23 9 62 50 26 46 62 15 62 4 62 20 35 34 50 53 54 
4 62 53 34 39 62 9 62 55 62 10 41 46 45 35 62 0 62 6 27 41 53 60 62 31 52 34 2 62 47 61 62 40 29 44 
62 48 13 2 12 2 20 3 19 60 32 18 52 62 62 45 22 43 45 23 40 19 29 60 27 55 14 40 36 62 14 32 35 41 
62 61 16 28 31 62 5 62 34 28 57 30 44 44 45 43 59 16 48 32 62 0 2 22 21 62 60 16 62 62 62 40 51 
62 20 7 30 24 15 31 26 20 42 62 54 10 7 62 10 50 62 31 45 60 0 62 3 29 35 59 39 12 58 59 11 
3 57 3 6 24 50 10 44 53 34 62 62 52 44 62 45 56 8 56 30 1 61 62 52 8 30 59 62 48 45 4 
1 62 58 62 6 23 62 46 19 59 46 22 28 35 62 27 11 12 19 8 62 48 36 10 52 62 32 47 3 38 
30 58 14 36 62 1 48 3 62 1 28 29 60 26 15 9 62 16 31 62 23 33 30 43 7 48 4 9 62 
39 31 28 62 62 44 5 39 49 62 28 33 47 1 58 7 30 30 8 53 24 62 7 46 20 48 7 16 
24 49 60 62 43 39 12 17 61 34 62 56 55 49 61 34 39 62 62 32 28 42 4 25 49 62 45 
50 6 55 48 15 31 32 6 27 47 15 13 54 33 62 9 24 19 21 25 47 29 2 18 11 9 
26 10 62 27 5 25 0 16 51 19 30 60 62 58 62 62 59 0 62 16 54 48 62 62 62 
62 62 62 62 62 34 35 33 51 62 43 62 62 42 0 42 36 61 9 62 61 34 43 62 
62 62 28 62 5 62 0 62 29 36 15 35 13 55 21 45 62 15 20 58 51 45 49 
7 19 5 37 48 9 6 62 62 62 15 48 59 62 57 60 24 42 4 3 62 61 
7 62 36 40 44 0 36 60 62 39 45 21 62 6 61 8 3 51 47 62 44 
44 62 15 4 54 51 52 51 60 62 62 11 62 16 62 62 5 62 16 15 
13 62 14 62 62 48 44 21 6 3 62 24 62 37 62 17 62 62 62 
11 62 9 38 62 62 18 62 27 62 43 62 46 29 53 62 33 19 
62 27 28 3 54 24 1 35 62 21 39 40 62 61 45 17 62 
3 62 53 41 23 22 43 20 16 61 62 45 47 14 62 2 
38 7 46 17 10 6 3 62 9 23 21 26 55 62 33 
39 62 27 23 42 37 34 62 26 50 6 0 62 8 
28 3 62 9 20 62 62 31 45 1 50 45 30 
14 38 10 62 54 34 62 47 39 22 62 62 
62 18 49 45 27 62 62 5 31 10 9 
3 24 62 57 62 62 40 22 62 46 
45 18 53 62 7 23 9 11 42 
57 60 2 1 3 62 47 18 
11 11 62 62 16 28 62 
13 10 41 19 58 19 
8 62 35 16 56 
11 55 49 32 
8 45 60 
62 62 
18 

52 41 44 12 47 8 62 15 7 62 48 51 2 51 54 19 61 22 14 29 31 58 26 8 62 59 62 41 31 5 41 34 62 53 16 23 48 26 57 4 8 23 62 35 5 34 55 15 62 
3 2 1 23 62 44 13 46 62 25 62 26 62 52 48 20 62 59 6 46 42 42 62 62 62 61 4 52 2 3 0 28 57 62 25 56 29 62 11 36 35 26 62 8 62 43 51 25 
47 28 53 62 9 62 62 61 62 17 1 30 62 38 17 18 45 62 3 22 34 62 62 62 30 51 13 45 25 48 20 11 39 36 42 6 7 41 32 20 30 62 41 1 21 30 43 
15 19 45 58 62 53 2 46 25 62 21 16 48 23 60 57 3 52 33 55 61 40 22 31 1 40 32 33 10 42 62 61 21 20 29 52 3 17 19 60 58 12 55 41 15 54 
8 0 51 14 15 9 62 7 34 4 9 43 44 62 62 62 32 62 48 18 37 30 14 2 22 12 8 13 20 13 37 62 34 3 33 35 46 36 43 36 31 25 37 8 12 
24 60 1 36 62 29 18 54 43 37 2 45 0 47 62 36 62 62 43 47 3 13 6 59 36 57 28 3 52 41 35 12 62 22 31 16 62 6 25 58 0 62 62 54 
27 62 41 10 14 6 44 34 34 29 40 33 34 55 9 28 39 4 47 8 9 49 17 62 62 60 46 62 3 62 12 48 22 31 57 26 62 4 41 44 62 39 51 
62 33 21 62 62 59 43 27 50 38 55 46 31 17 43 54 52 9 50 11 24 9 30 27 1 62 60 15 26 8 38 49 46 62 1 56 8 15 10 49 3 46 
13 22 60 58 15 31 5 29 54 61 7 48 33 40 38 49 44 62 23 62 3 43 61 26 61 62 62 45 36 49 13 43 18 54 24 62 36 47 52 62 15 
53 20 20 38 13 18 52 59 28 62 39 54 6 10 52 37 20 62 24 46 44 41 6 25 62 0 53 0 18 62 23 18 56 45 41 39 19 35 50 40 
32 39 62 41 43 25 22 27 47 50 57 41 9 15 32 26 35 13 25 30 62 2 59 62 20 37 29 55 62 62 22 17 33 28 29 49 62 1 53 
50 38 49 33 6 62 43 13 62 60 54 33 25 2 3 62 58 36 46 61 8 49 56 52 53 0 23 37 39 22 1 26 45 40 30 35 8 11 
62 60 38 24 9 1 62 28 35 17 36 30 8 12 59 56 25 34 62 62 41 57 7 15 14 33 4 62 59 36 8 42 42 49 8 42 62 
1 62 55 37 45 62 35 44 18 3 20 61 24 43 51 62 62 16 8 39 16 49 58 44 29 49 27 54 15 53 23 25 18 52 61 62 
25 22 62 31 57 43 12 23 40 43 18 28 62 34 62 13 62 59 57 9 57 28 44 34 5 62 17 62 51 4 42 62 30 52 6 
39 6 0 12 9 38 57 62 45 62 62 62 62 16 59 4 20 11 22 30 16 62 2 46 35 33 62 62 23 60 57 9 27 14 
55 34 39 23 10 41 58 34 62 51 17 58 14 62 50 61 62 57 62 31 0 57 62 1 39 54 45 13 62 47 49 20 56 
49 62 41 22 55 36 52 45 41 16 62 32 1 26 9 9 8 7 32 18 41 36 45 45 62 47 62 62 4 21 47 28 
18 50 38 54 4 13 62 62 51 56 21 62 42 2 40 42 45 18 59 54 19 62 43 55 48 62 41 7 54 30 62 
62 18 21 62 53 54 11 62 14 13 62 0 44 44 50 60 62 29 22 62 41 31 23 6 11 24 26 62 32 56 
40 41 11 29 42 34 40 35 37 57 5 10 57 62 57 62 54 42 23 16 36 8 37 62 47 62 62 62 20 
7 62 23 40 39 19 8 34 41 5 62 62 36 40 23 21 62 62 55 22 26 33 2 33 55 20 62 62 
62 0 62 59 41 62 0 62 16 56 17 22 62 5 39 58 1 62 62 29 41 62 55 7 62 2 33 
33 62 19 36 34 15 3 62 3 53 43 62 37 58 59 15 37 28 46 10 62 52 57 29 62 37 
29 13 62 62 60 59 7 5 50 59 62 43 21 35 62 62 46 45 48 3 62 53 55 1 62 
62 25 0 62 49 14 55 53 18 3 54 56 29 62 62 62 25 53 11 0 58 54 32 44 
38 62 29 62 44 62 7 62 57 61 62 7 9 18 54 62 29 45 49 57 38 48 30 
1 45 62 62 42 62 12 62 62 22 42 62 62 33 62 62 20 43 62 32 1 18 
59 1 9 28 54 22 62 0 5 13 62 62 42 22 36 62 6 34 23 62 48 
62 43 40 62 41 62 26 35 50 54 20 62 45 49 59 9 36 51 62 62 
57 12 54 62 20 47 1 21 13 21 19 46 43 43 12 43 20 62 62 
34 34 54 21 55 52 21 24 19 31 62 28 62 22 27 4 19 31 
47 22 62 62 62 62 31 62 28 32 16 51 48 62 25 55 62 
38 62 26 62 37 62 62 28 62 37 15 20 0 57 43 48 
15 23 41 62 62 0 34 6 61 62 20 22 39 42 11 
60 50 3 28 52 46 10 20 24 16 62 27 31 62 
31 45 45 53 7 62 62 62 50 62 62 23 5 
41 62 11 62 43 19 25 10 5 60 50 49 
37 62 47 43 33 6 6 34 21 62 62 
62 62 62 62 62 62 45 32 62 3 
45 28 9 25 50 0 0 30 62 
29 18 62 62 36 60 15 50 
35 62 8 62 62 59 45 
1 32 1 61 55 43 
62 5 29 62 62 
35 15 34 41 
7 62 62 
62 18 
62 

12 59 15 8 51 22 44 49 60 36 34 49 26 18 37 12 22 45 3 62 50 62 28 18 28 58 32 32 30 22 62 50 57 19 60 62 15 9 62 2 43 22 25 10 47 20 62 23 19 
57 9 61 62 13 53 1 30 8 26 7 18 14 21 22 17 3 33 38 49 54 15 7 8 29 0 29 20 18 7 50 26 1 42 6 14 0 26 34 1 12 62 50 32 54 45 33 39 
59 9 46 54 62 54 47 62 9 48 62 6 62 13 49 3 28 35 60 54 13 7 4 52 27 21 17 62 12 2 44 41 12 15 56 2 4 20 52 62 62 42 34 5 14 24 11 
13 62 41 33 52 17 30 3 33 62 52 26 47 44 28 26 61 62 4 34 46 42 0 21 47 39 51 43 6 28 7 19 28 54 59 3 13 12 53 62 16 44 21 55 24 62 
36 45 2 42 45 17 29 36 27 8 26 38 4 43 3 35 21 62 51 25 37 44 34 20 11 62 41 0 0 57 0 25 15 46 55 11 46 42 20 55 35 32 36 40 1 
19 46 25 33 22 0 49 29 62 19 62 5 49 62 10 3 21 6 32 8 40 56 31 18 4 61 39 62 17 62 62 15 6 26 46 0 27 62 28 62 52 20 34 10 
39 42 40 1 31 36 41 30 2 62 59 10 56 62 41 12 62 18 62 23 8 62 18 12 41 62 48 0 58 51 24 46 5 0 52 47 62 61 50 62 19 55 21 
42 29 51 36 52 11 35 44 35 41 51 55 18 48 31 3 60 26 20 50 44 46 41 52 17 62 11 12 0 52 47 33 41 32 8 62 38 53 62 14 29 30 
33 28 6 4 62 57 26 58 49 39 19 47 47 18 59 9 28 7 32 43 20 0 52 60 3 2 46 6 20 3 59 26 33 48 19 46 22 23 11 10 18 
58 62 21 22 62 33 42 56 62 54 36 38 48 45 33 48 25 12 45 25 62 45 48 33 62 12 0 4 44 20 62 29 50 62 39 45 62 57 18 40 
62 7 16 9 55 9 22 52 2 29 62 45 13 56 3 30 49 28 10 23 48 59 33 54 10 12 62 17 13 49 14 62 52 36 29 62 43 14 18 
35 16 43 62 51 18 43 62 46 62 54 41 23 29 26 7 28 62 60 62 62 4 46 24 31 33 1 44 10 16 62 9 41 49 3 38 62 32 
37 9 28 59 10 39 9 23 48 11 13 53 2 2 26 19 26 29 39 10 10 62 8 62 37 53 26 62 62 47 22 52 46 58 13 31 61 
15 25 36 38 7 35 62 9 32 45 62 18 21 13 50 35 7 58 34 38 16 27 42 33 40 59 36 28 5 26 41 11 36 37 39 62 
62 62 40 62 10 46 28 17 44 62 55 3 46 42 29 38 53 54 47 19 1 11 22 58 37 18 2 49 14 5 37 15 23 1 35 
48 50 0 61 62 17 38 30 17 51 24 53 56 51 19 33 2 62 6 38 5 18 60 62 48 36 25 25 56 62 21 5 3 3 
27 55 45 22 35 8 5 62 42 52 62 31 34 51 62 54 36 34 2 23 0 9 62 55 21 28 45 7 38 52 54 46 59 
62 62 42 59 37 57 62 50 2 44 47 62 29 60 5 10 62 5 62 35 62 23 0 3 2 62 40 62 62 27 62 39 
31 45 4 31 39 58 12 38 54 15 33 45 62 30 9 18 7 51 28 42 11 53 62 24 44 2 62 52 58 62 30 
8 26 41 59 4 62 62 7 37 16 38 37 7 61 29 35 26 62 8 62 13 46 50 62 15 55 26 59 25 62 
62 33 0 4 62 25 20 36 56 62 10 33 58 62 3 18 57 31 44 59 30 29 9 16 50 28 28 47 62 
37 62 62 16 25 60 36 41 31 0 11 33 10 42 62 30 5 18 21 53 62 37 6 7 25 12 33 29 
60 46 1 49 43 17 61 43 32 22 21 22 23 3 38 47 42 62 62 10 11 22 18 62 11 20 32 
20 62 62 62 14 62 62 57 50 29 62 19 62 15 16 51 62 62 3 62 62 4 32 62 51 8 
22 46 16 25 44 53 45 62 2 12 62 62 62 31 59 30 55 57 62 16 35 61 62 62 52 
62 62 62 62 42 40 13 62 22 38 57 7 51 58 50 62 12 18 17 51 62 44 32 59 
37 11 62 31 62 62 57 45 3 62 12 27 50 21 62 62 23 62 19 42 62 48 16 
16 54 57 27 62 62 62 0 62 18 62 51 48 13 56 62 58 62 39 39 3 18 
62 62 57 6 62 39 23 62 22 7 62 43 8 62 62 15 62 53 62 46 62 
1 62 62 44 23 62 62 50 46 7 6 31 33 45 62 47 3 17 21 32 
62 46 62 61 62 62 36 50 62 45 62 15 48 62 37 6 31 62 62 
9 61 2 25 19 12 35 50 12 6 35 62 62 62 62 62 37 46 
9 62 62 20 1 14 16 62 5 62 62 62 14 9 62 59 62 
26 59 62 47 15 62 62 62 21 29 21 62 62 57 54 62 
49 62 62 7 42 43 62 24 52 16 62 10 21 62 62 
62 10 62 17 46 4 62 62 62 62 46 39 50 52 
47 40 16 46 54 62 54 57 51 20 38 62 56 
11 2 33 2 55 62 62 62 10 54 31 14 
37 33 41 49 9 62 62 62 27 12 25 
2 40 43 62 62 55 29 45 62 5 
62 7 17 11 62 12 22 24 62 
62 62 42 62 62 32 31 6 
62 62 62 62 36 57 62 
62 62 48 62 62 41 
42 62 62 62 2 
62 32 37 15 
33 28 62 
15 44 
62 

47 37 49 62 50 62 41 62 47 45 13 47 56 42 13 41 27 45 56 15 20 44 26 60 30 62 46 11 0 5 21 43 50 27 62 33 51 1 3 20 41 28 62 33 61 1 36 40 1 
54 60 31 51 62 9 41 11 45 50 32 30 17 28 36 17 1 26 13 36 21 4 15 62 53 29 49 34 24 58 14 62 50 37 32 33 3 26 62 59 6 48 22 39 38 46 23 62 
27 28 55 35 56 33 62 25 51 56 51 25 24 22 18 1 31 0 10 18 14 28 56 27 10 62 28 62 42 37 17 2 8 52 55 20 48 45 37 56 18 61 56 13 44 8 44 
28 41 10 30 20 48 51 5 33 10 14 23 62 19 48 62 16 39 37 37 62 12 38 62 28 29 22 45 0 0 49 26 24 21 4 30 56 57 35 62 62 28 28 22 22 58 
11 24 26 42 8 7 62 21 3 8 45 58 46 60 62 18 30 5 0 10 19 62 62 12 48 43 34 53 47 50 14 13 62 50 20 30 9 46 62 54 24 18 54 5 48 
3 14 60 4 22 43 21 14 55 49 28 24 32 60 22 10 5 12 27 55 10 58 54 48 53 32 47 50 56 9 46 54 56 33 7 17 4 30 6 33 25 62 10 17 
5 37 60 25 62 30 15 12 57 2 2 59 0 61 50 21 53 39 48 22 2 62 22 1 8 55 49 40 12 43 5 46 14 19 33 62 9 38 62 35 43 47 62 
7 30 13 17 20 48 13 62 8 43 37 55 12 59 35 49 62 4 7 4 59 5 36 30 59 15 62 24 13 10 29 19 2 27 52 54 52 62 17 51 59 26 
1 36 39 47 56 35 36 39 62 61 23 41 25 5 49 15 39 0 38 25 55 39 36 21 57 62 4 23 62 50 62 41 61 32 48 39 52 4 49 20 8 
28 59 37 29 26 55 48 52 10 20 51 52 54 12 34 24 16 1 30 4 17 20 18 29 62 34 25 62 11 53 54 62 47 62 62 61 3 38 41 1 
7 62 37 22 62 55 21 25 2 62 15 36 50 20 18 4 15 11 16 54 20 62 51 2 40 62 62 49 14 39 32 29 30 10 44 24 44 57 36 
37 17 16 57 23 56 33 20 35 58 20 2 4 5 51 62 47 36 59 36 15 46 20 35 59 43 22 14 62 23 62 46 30 15 2 39 22 29 
28 23 62 57 60 46 18 10 29 12 19 33 57 21 62 29 13 48 36 39 41 20 26 62 26 20 17 56 13 62 0 62 12 27 29 29 23 
62 56 15 31 43 2 32 24 62 26 8 10 54 14 46 4 44 62 32 62 34 22 1 36 62 55 2 32 62 51 17 11 41 15 48 3 
58 45 26 61 42 41 20 46 54 44 13 9 17 37 11 52 18 40 51 9 30 11 15 34 58 45 59 14 56 39 22 38 51 23 62 
46 35 3 37 52 28 2 42 29 3 48 62 43 3 5 5 12 40 12 18 41 29 44 39 4 21 43 31 11 40 12 30 1 37 
62 19 62 50 12 2 15 7 42 6 62 41 62 15 45 62 54 62 27 56 36 40 4 43 14 62 10 1 35 13 31 62 62 
62 62 62 43 25 38 35 31 48 62 62 46 62 60 62 0 20 30 62 6 20 27 42 1 57 33 62 48 59 62 62 53 
55 40 41 29 50 46 33 35 24 62 62 62 26 62 48 35 27 62 62 62 11 62 62 62 2 62 62 18 14 62 62 
43 21 57 52 7 51 9 27 62 54 62 31 16 16 62 62 62 60 10 10 32 44 26 7 62 3 58 62 62 0 
51 62 62 23 62 39 62 57 62 56 45 32 12 62 18 62 4 61 38 18 62 7 2 3 62 62 56 17 31 
62 42 62 20 23 9 62 4 13 45 36 35 62 7 62 37 12 51 62 62 62 62 30 62 9 12 30 39 
62 52 34 12 59 5 62 31 62 35 62 39 62 28 32 13 53 62 62 27 62 62 62 1 61 17 1 
55 62 45 9 10 32 9 24 56 36 8 45 57 62 32 62 62 52 62 62 32 62 26 52 51 5 
30 62 62 62 62 31 56 62 0 7 62 62 13 12 22 22 13 62 17 62 62 30 8 62 52 
12 23 62 20 20 35 62 62 62 36 44 62 38 62 36 56 6 24 62 35 62 62 62 62 
50 14 62 56 19 30 3 8 12 44 59 37 62 1 45 27 50 5 62 62 27 55 62 
15 62 27 17 62 28 53 20 62 22 27 51 9 16 2 53 1 37 32 62 18 61 
62 22 49 62 46 14 42 62 53 40 62 7 40 58 5 37 14 4 62 3 3 
26 29 50 62 39 48 35 62 29 62 62 43 27 62 62 60 62 62 54 13 
57 54 13 58 62 44 13 62 28 41 4 13 39 35 42 30 7 32 62 
1 60 45 24 6 62 62 62 62 36 54 62 1 20 21 62 13 60 
26 59 14 62 47 36 14 46 33 62 26 44 33 25 9 47 28 
62 4 62 44 60 37 34 51 60 62 42 62 62 22 58 37 
3 12 62 33 43 45 62 24 62 47 62 52 12 24 17 
6 34 30 21 62 62 17 60 34 62 62 59 62 62 
62 62 62 53 27 61 35 62 57 24 7 14 62 
27 38 37 10 62 62 9 30 22 43 62 18 
43 62 23 48 53 60 62 10 32 62 62 
44 2 14 1 62 34 13 62 31 35 
62 54 62 40 62 42 62 44 12 
43 17 39 58 7 62 51 9 
26 27 30 62 62 23 62 
25 62 50 29 62 40 
62 48 33 16 62 
11 62 29 62 
10 19 32 
27 55 
62 

9 40 25 46 50 19 15 45 25 54 18 62 62 60 9 27 36 26 10 33 11 52 31 48 25 25 54 58 12 14 8 42 36 62 62 51 62 40 34 7 44 62 62 36 18 62 33 62 62 
58 29 62 43 62 59 62 3 62 26 5 46 0 39 62 27 11 32 13 42 14 10 42 62 11 62 60 62 27 62 62 5 40 62 21 62 31 62 17 40 38 48 47 62 62 10 9 2 
8 28 23 62 23 43 62 58 10 2 57 62 55 28 24 62 51 57 57 24 8 45 4 10 17 52 62 0 29 35 62 5 44 62 24 27 3 53 22 23 32 46 30 20 40 62 42 
7 49 62 28 0 32 62 62 27 18 26 26 12 19 62 62 41 58 53 48 26 23 4 55 61 62 8 34 19 56 27 12 28 13 10 62 20 62 1 3 35 34 8 54 62 26 
29 19 55 62 8 62 12 62 27 18 3 50 37 51 56 16 57 62 49 60 2 29 62 5 62 19 41 60 11 23 62 50 61 62 36 62 40 62 3 2 10 2 15 62 62 
24 40 8 30 2 62 31 44 50 45 22 62 36 13 6 62 54 49 41 0 24 29 51 31 57 57 43 62 3 21 57 18 62 62 24 19 34 62 15 23 39 0 58 3 
50 23 5 54 49 25 43 10 58 62 5 57 6 57 32 0 46 60 54 9 44 12 23 17 43 49 25 51 37 30 62 48 62 24 8 46 60 61 20 6 61 39 38 
16 36 62 50 49 25 62 44 7 32 7 43 3 4 59 11 46 28 62 62 56 12 34 47 62 3 24 62 15 38 17 46 13 44 2 1 62 47 33 38 45 20 
7 26 1 62 46 1 62 42 46 35 33 8 47 33 34 34 50 8 32 36 62 42 40 62 12 62 62 58 43 7 36 46 25 62 62 17 39 36 62 47 62 
19 13 52 58 62 25 15 52 57 62 22 59 37 9 24 1 62 11 57 62 62 6 57 62 46 13 37 30 34 40 28 62 37 25 11 8 31 35 57 53 
21 2 33 62 25 34 12 23 58 18 38 62 4 62 11 62 11 33 28 55 59 27 62 62 49 44 62 45 62 44 39 62 22 60 61 24 53 62 35 
48 62 49 59 0 45 56 1 31 44 54 10 9 13 24 7 6 8 49 62 62 24 24 62 25 46 62 9 48 43 2 37 57 62 19 34 12 3 
55 45 7 30 62 60 49 31 55 7 60 36 50 12 34 12 21 57 7 44 5 10 60 49 55 36 24 59 24 22 44 21 9 4 35 62 47 
43 62 8 62 3 33 31 26 15 22 60 4 44 39 30 53 3 33 53 6 18 10 27 0 13 3 62 56 27 26 21 62 25 52 25 15 
62 31 25 28 57 18 1 39 34 16 40 57 41 39 40 24 54 7 37 55 13 62 29 33 62 60 9 33 54 49 33 62 28 55 55 
4 51 61 25 27 62 43 9 8 62 25 14 57 23 38 17 62 9 42 47 40 47 41 42 26 52 57 8 62 45 11 10 25 62 
62 10 59 62 29 62 10 10 62 55 62 57 20 62 10 41 52 10 60 11 62 8 38 61 3 62 52 62 59 58 9 18 13 
30 8 37 10 55 18 62 39 7 25 62 20 9 50 30 47 62 62 3 17 62 36 38 4 41 26 33 52 49 40 1 62 
23 53 4 16 53 58 28 26 44 1 55 36 49 52 19 62 13 23 60 14 6 34 9 62 62 58 62 13 4 10 53 
56 54 45 62 27 10 15 21 9 60 52 62 0 61 46 55 0 26 45 48 0 45 55 13 58 52 19 35 22 2 
48 6 44 62 3 22 54 62 0 38 41 25 62 21 24 62 44 14 53 54 39 62 7 17 60 15 21 15 62 
43 11 62 37 12 62 50 62 47 32 2 11 51 37 9 47 27 62 22 53 25 26 62 56 24 62 0 62 
21 18 18 13 39 12 44 10 41 32 25 62 62 57 62 32 53 41 2 62 21 17 59 56 46 17 53 
59 35 62 32 22 28 62 18 62 62 28 47 27 0 6 22 26 32 28 35 62 46 38 17 25 22 
46 51 62 15 62 6 42 59 16 0 41 9 47 59 15 31 20 41 16 5 59 23 62 62 59 
31 40 23 37 60 2 62 30 62 32 62 58 50 19 22 58 42 58 23 36 42 36 37 35 
62 29 11 50 62 37 62 62 19 34 22 9 51 38 62 60 60 8 32 34 26 42 43 
35 12 41 21 62 26 42 27 9 13 33 0 11 47 9 1 1 17 22 62 62 18 
50 14 13 62 19 1 31 37 13 20 62 62 43 21 2 1 48 1 51 20 42 
45 62 62 36 62 52 62 62 43 8 62 62 39 20 36 62 29 32 50 56 
62 62 38 62 39 16 36 7 25 62 62 62 52 62 34 11 29 26 62 
54 62 42 12 28 62 21 44 44 40 62 51 62 62 49 62 21 44 
62 62 62 33 56 19 35 62 6 62 32 60 62 62 53 51 39 
4 36 35 51 62 33 54 57 31 52 30 62 40 62 55 25 
59 48 38 62 5 21 60 31 62 10 62 58 34 46 13 
19 6 58 2 12 20 62 50 8 59 20 35 62 60 
62 4 62 13 56 62 36 62 15 41 12 62 47 
45 40 5 22 29 62 62 23 62 24 0 62 
62 13 62 21 62 59 62 62 22 36 19 
1 3 51 19 40 62 49 49 62 11 
19 38 27 62 4 57 11 58 0 
62 25 62 26 14 55 14 47 
38 52 62 62 32 9 14 
6 62 62 62 7 2 
62 56 13 52 62 
62 16 60 56 
13 24 38 
15 7 
62 

54 14 22 62 62 44 14 22 48 15 35 14 45 56 23 62 1 11 3 62 31 25 39 52 26 61 45 0 7 8 55 62 4 16 27 0 19 56 6 23 49 32 45 59 8 20 2 36 44 
59 21 18 14 41 38 6 49 0 7 42 2 48 61 54 62 23 62 21 45 7 55 38 62 26 36 52 59 23 21 28 62 50 7 56 9 62 29 29 15 53 10 4 41 2 13 33 5 
57 18 17 23 5 35 23 61 11 62 47 37 40 51 53 8 33 57 62 45 59 38 28 30 62 7 0 61 30 45 52 42 49 48 2 52 35 1 21 60 48 36 20 29 58 7 62 
44 62 13 14 62 45 26 11 19 26 40 62 28 35 62 23 53 19 62 13 62 62 51 40 62 28 61 24 36 2 51 16 27 28 33 62 42 39 7 16 43 57 12 47 59 30 
58 39 49 62 57 60 9 10 59 23 62 33 34 45 49 51 1 61 17 9 40 10 61 19 60 35 59 26 62 9 12 41 2 29 13 33 9 42 46 54 15 40 15 10 0 
19 20 51 55 62 12 48 33 62 24 5 17 24 39 30 33 17 23 16 59 30 38 32 3 60 24 36 1 30 57 47 4 16 11 37 8 62 4 35 21 51 0 43 51 
38 31 12 51 47 51 54 21 46 19 58 49 62 4 10 42 22 16 48 5 13 28 47 19 19 19 19 45 21 36 3 62 18 9 22 26 54 51 62 62 48 17 40 
46 62 62 4 45 49 49 18 2 32 22 36 53 41 44 27 62 62 57 18 1 6 18 48 41 22 39 54 26 5 30 35 59 36 31 32 48 0 14 38 54 36 
62 59 1 16 45 59 32 49 24 42 38 29 14 51 49 51 62 0 62 15 62 12 19 62 12 42 22 14 9 62 62 49 36 16 17 62 35 36 31 8 54 
22 4 33 45 11 29 30 46 10 17 21 26 33 21 25 29 62 41 31 8 46 62 62 22 62 11 53 19 10 58 49 24 58 38 1 19 47 35 62 33 
37 26 1 27 16 50 43 59 62 23 43 61 14 60 42 33 21 29 26 38 13 51 0 17 35 43 56 51 19 24 5 17 25 14 1 44 39 62 15 
62 16 26 40 62 29 24 29 8 54 23 59 57 53 13 62 62 13 24 24 3 32 54 38 1 62 54 17 14 62 4 41 30 28 15 15 37 43 
36 27 12 12 19 2 34 19 15 62 38 29 62 56 37 62 17 62 12 7 46 54 2 52 48 23 34 21 2 25 34 62 53 62 39 35 18 
62 56 25 61 9 17 60 29 5 29 32 44 20 58 60 56 62 53 13 6 46 59 46 31 61 48 2 40 62 59 34 15 23 52 59 17 
46 43 31 26 25 14 17 11 14 10 30 1 16 32 51 6 23 34 40 10 24 24 52 61 1 50 22 14 62 53 7 56 62 3 42 
24 61 17 62 11 10 22 44 62 53 23 62 28 45 5 15 21 6 36 3 17 59 9 7 30 6 59 26 46 7 50 13 26 39 
43 18 54 62 12 23 57 62 36 15 43 53 57 28 53 20 62 16 10 5 60 57 62 7 31 62 11 38 44 62 6 62 33 
62 60 50 62 20 29 41 30 23 19 44 45 62 4 46 46 53 10 44 46 25 33 25 8 9 26 47 41 34 1 33 49 
62 4 5 7 4 21 46 50 3 43 52 12 36 4 62 22 34 3 62 42 19 30 41 2 62 43 50 39 16 59 49 
62 34 14 62 43 56 62 8 39 62 57 62 22 61 49 62 34 29 62 62 62 62 27 62 5 62 30 11 56 58 
27 11 57 19 22 4 22 62 44 62 62 20 62 16 18 62 0 62 62 62 62 0 16 62 10 30 62 7 60 
14 62 40 2 46 1 12 62 34 46 54 34 62 62 20 62 57 62 21 50 44 27 62 27 39 62 22 1 
62 62 58 13 47 62 62 62 62 47 38 61 14 62 9 32 62 52 51 4 62 4 7 62 14 62 24 
53 62 62 4 52 62 62 22 16 26 40 62 16 42 62 62 60 9 1 56 38 33 61 34 20 35 
15 44 31 27 62 53 62 9 62 30 45 45 33 62 45 51 31 31 15 51 39 38 26 62 5 
62 50 39 45 9 62 61 41 58 45 62 59 62 49 62 58 12 62 0 62 62 36 1 62 
60 1 62 47 17 62 4 60 62 19 43 11 36 62 62 1 9 20 62 62 1 62 26 
6 7 54 21 25 62 43 62 51 59 62 37 57 62 57 46 62 23 31 62 15 62 
33 62 52 40 62 16 62 62 22 46 39 51 12 28 3 51 44 5 62 16 62 
7 34 39 62 49 62 37 22 40 43 54 54 62 62 30 62 21 20 44 1 
3 3 36 7 62 14 39 62 62 55 56 62 41 60 11 36 62 62 62 
62 0 62 62 62 62 23 50 62 8 62 32 16 9 62 15 62 21 
15 62 10 62 4 62 62 5 22 62 2 30 62 57 35 34 54 
8 28 16 40 4 37 31 62 62 55 62 12 62 62 26 30 
62 62 62 62 16 28 62 59 56 62 56 0 16 19 62 
61 25 42 11 62 62 48 62 62 62 62 18 59 4 
21 62 15 41 62 62 53 62 29 31 43 3 58 
62 31 62 58 57 62 14 3 46 1 62 22 
23 62 62 51 36 42 26 52 62 29 9 
54 3 42 29 10 48 9 62 62 62 
50 9 62 62 32 14 61 42 61 
62 62 28 62 31 62 30 22 
0 62 62 62 3 62 62 
24 62 41 0 21 62 
3 1 26 1 24 
47 38 3 62 
46 15 2 
54 62 
62 

