50 50
14 19 48 50 18 50 50 50 22 15 37 36 20 27 37 8 36 10 33 11 38 26 50 41 37 26 40 25 27 43 42 3 22 37 30 36 50 15 20 40 48 41 50 43 37 30 35 38 46 
50 10 41 29 6 50 6 29 32 47 50 35 23 14 50 21 44 1 30 48 50 19 12 50 35 10 27 14 19 34 29 22 23 17 44 42 7 0 4 22 20 18 27 25 44 50 10 40 
11 13 19 5 25 42 43 33 10 38 4 11 30 2 48 39 27 20 44 41 50 39 21 42 4 47 0 14 27 5 15 39 40 21 48 1 26 31 9 50 50 45 14 29 21 46 50 
4 18 34 29 14 7 16 32 41 10 38 17 7 8 48 10 50 5 30 50 12 38 40 30 24 38 50 50 44 27 34 1 24 27 26 20 27 38 50 34 13 20 15 21 14 39 
50 12 21 20 45 10 37 50 50 15 30 6 50 21 25 1 50 7 32 41 19 50 22 4 45 49 44 27 0 24 29 7 12 50 21 5 47 46 12 25 24 45 50 25 47 
26 13 45 20 32 30 50 44 11 40 50 37 20 11 50 32 43 38 8 28 33 18 5 37 50 19 8 36 26 18 17 35 34 47 7 2 12 11 38 25 35 20 50 50 
4 37 23 28 2 6 2 34 47 14 30 14 38 49 26 50 50 21 50 12 40 0 45 32 26 18 12 17 12 50 50 39 37 12 42 30 23 50 13 50 7 31 50 
50 39 16 31 26 4 50 48 5 50 45 9 47 1 0 28 50 11 15 33 26 33 44 50 24 37 23 27 47 2 21 8 2 21 36 50 16 0 16 24 45 50 
5 37 48 10 34 4 7 2 26 40 50 50 22 44 50 50 47 50 23 50 11 3 15 22 38 36 35 0 37 35 19 26 16 2 21 12 20 36 24 29 50 
2 8 50 39 8 33 50 8 50 38 16 32 34 4 30 34 50 5 13 39 50 12 24 4 4 4 50 48 17 31 10 2 4 16 1 36 47 30 46 37 
43 5 50 16 17 27 23 50 40 50 16 15 19 49 47 19 22 50 6 45 11 40 44 50 50 17 12 31 50 50 16 10 50 35 50 10 0 6 28 
7 49 50 21 50 50 31 49 34 47 9 25 24 20 50 50 50 50 42 48 37 50 14 2 39 1 50 10 5 35 50 32 40 17 38 22 16 11 
50 50 3 40 49 44 50 36 2 50 14 13 26 50 39 43 20 16 13 5 32 43 50 40 50 39 12 6 50 50 50 30 41 3 4 50 2 
50 1 5 20 40 42 29 15 21 23 19 22 17 50 3 50 50 1 41 13 7 11 13 50 20 17 50 42 7 8 19 50 37 13 31 46 
26 41 17 16 9 18 50 12 50 20 50 15 38 46 50 45 25 31 32 27 49 40 6 50 50 26 2 50 24 0 10 5 50 17 30 
50 50 0 14 39 14 50 40 50 14 26 6 50 47 11 1 50 11 4 50 26 50 50 31 11 40 32 29 13 36 46 6 32 37 
2 8 10 7 22 44 50 40 5 26 48 0 1 50 1 31 34 31 11 49 50 31 27 49 50 49 2 32 37 6 14 27 36 
31 50 1 47 11 23 15 50 10 50 6 24 44 41 44 39 26 12 20 50 34 13 50 19 2 5 50 50 50 23 50 15 
9 40 21 26 5 18 50 21 50 23 41 50 47 11 26 43 17 50 30 50 50 27 42 34 15 11 50 50 22 21 8 
4 50 45 46 50 28 32 41 6 44 44 34 26 50 50 50 16 50 43 26 9 49 29 1 24 50 1 1 7 42 
10 50 22 42 34 11 4 9 16 26 11 4 50 18 8 43 50 26 15 49 8 2 26 3 50 11 50 43 0 
50 37 12 50 8 50 37 14 40 34 30 5 14 32 15 34 28 34 27 44 45 38 31 24 50 15 12 50 
24 7 49 35 38 36 50 8 39 50 5 50 34 50 50 6 49 30 5 5 23 24 31 31 45 16 23 
23 6 3 50 50 34 9 39 25 11 50 50 50 16 15 5 26 36 28 25 32 50 50 40 50 41 
50 48 28 30 37 34 16 26 50 1 5 27 18 50 0 39 45 50 1 50 9 4 17 50 44 
50 19 47 11 47 50 50 47 14 31 50 22 45 20 3 31 9 50 15 31 34 31 48 10 
21 43 15 36 36 18 30 37 40 50 15 20 16 3 8 49 25 16 27 27 18 11 50 
50 50 3 18 42 14 16 50 48 50 33 49 50 2 31 31 22 37 50 14 31 49 
24 34 6 40 22 1 48 14 35 14 31 35 50 50 35 50 33 26 3 26 22 
38 50 42 50 35 12 18 44 20 1 24 5 50 29 44 9 20 19 39 40 
30 46 17 18 10 50 50 29 50 22 16 7 11 43 29 22 41 37 48 
46 35 11 33 19 7 50 43 34 50 50 50 50 24 50 36 37 20 
50 17 50 2 50 20 50 10 42 50 8 47 48 50 11 50 50 
48 50 33 46 50 11 4 18 50 16 50 49 10 12 36 50 
25 6 25 31 15 2 30 18 17 50 3 31 50 50 4 
17 50 50 34 50 44 5 50 20 8 31 36 25 39 
41 19 9 7 50 20 50 3 2 5 50 46 17 
48 6 50 50 14 39 6 26 42 8 45 15 
9 25 34 50 37 9 4 23 29 35 0 
20 18 37 5 50 14 48 2 39 47 
50 50 43 32 6 34 28 22 50 
50 50 31 3 43 38 31 9 
21 10 50 50 13 25 41 
18 50 25 38 5 50 
7 41 50 6 11 
10 38 50 19 
15 39 25 
50 16 
50 

44 39 21 50 20 4 44 34 50 15 43 32 24 27 45 39 33 9 34 12 30 15 4 8 47 13 42 17 10 28 50 50 49 31 43 43 14 48 50 1 33 34 27 41 11 9 24 11 30 
40 9 45 43 16 36 42 21 50 27 38 26 1 21 39 50 50 48 28 46 10 33 20 42 40 41 14 9 18 10 21 48 4 9 24 28 36 50 50 33 24 14 3 26 8 5 5 19 
26 38 11 41 13 25 47 14 50 41 1 17 41 20 49 50 31 46 34 43 50 31 18 42 50 41 36 13 50 32 45 42 18 10 6 50 6 45 4 50 45 20 21 9 35 46 17 
45 24 6 50 18 49 50 28 23 11 13 38 23 50 7 27 40 30 50 31 1 6 38 43 13 34 42 23 18 22 42 43 35 33 4 45 23 50 21 50 38 20 22 9 27 33 
23 48 3 44 15 26 50 35 9 3 17 45 5 34 21 43 11 5 22 31 6 23 46 50 50 29 18 3 15 49 1 18 50 14 2 11 16 41 16 27 13 45 47 39 27 
2 28 38 49 47 9 30 18 12 36 1 32 38 45 12 19 27 27 22 50 9 23 39 31 13 8 12 48 11 27 18 23 50 46 12 50 6 1 27 22 41 49 40 40 
50 50 44 28 50 50 24 22 41 27 32 40 43 26 5 42 35 50 43 28 18 43 7 50 50 44 0 3 1 50 9 20 21 9 50 50 27 45 10 2 50 45 50 
5 39 21 46 50 27 4 15 39 26 3 26 44 37 10 43 12 21 47 50 17 47 28 48 2 50 14 38 13 50 19 49 21 24 49 19 17 28 41 42 38 30 
48 20 10 28 8 50 28 25 22 0 15 17 21 33 49 18 26 50 38 8 38 23 8 50 34 50 43 50 10 35 34 3 49 18 39 11 12 8 33 50 50 
17 48 2 9 26 30 27 29 40 50 5 13 45 41 0 50 8 43 47 27 31 48 41 30 32 50 35 0 30 37 50 32 37 16 11 50 50 47 16 30 
49 17 15 48 21 4 28 4 4 19 21 11 18 11 36 50 44 50 25 46 4 10 20 20 22 45 50 50 23 17 4 50 29 20 9 34 17 41 48 
20 2 47 50 50 17 48 19 5 50 6 36 35 26 28 18 28 30 0 28 39 50 32 46 13 2 26 19 7 6 49 25 50 50 42 31 21 18 
30 30 6 50 21 50 25 2 19 2 3 23 50 14 50 19 50 49 7 3 17 6 46 0 50 30 41 47 50 50 42 25 0 50 33 40 39 
15 47 43 40 43 50 37 50 50 14 50 50 23 47 1 15 0 48 50 0 25 32 29 12 41 50 50 6 10 46 50 31 27 3 15 3 
10 21 8 41 21 3 0 41 42 10 11 22 30 5 50 17 50 50 20 11 16 33 44 34 40 35 47 3 17 47 15 43 10 50 50 
50 38 50 22 7 20 20 13 41 48 12 42 19 50 50 50 41 9 50 7 50 43 28 10 29 39 4 2 50 0 27 50 23 2 
50 23 2 50 8 14 41 40 50 50 23 10 17 50 28 34 27 13 24 36 17 17 35 20 47 7 46 44 31 50 0 50 13 
14 16 49 12 24 7 24 18 17 14 45 50 33 13 50 15 40 33 50 45 42 50 50 23 50 20 17 50 50 7 29 2 
3 44 24 10 48 17 50 10 36 6 50 28 6 21 50 15 26 11 26 32 50 32 26 6 50 50 50 28 30 49 3 
2 43 3 50 10 20 1 50 16 27 50 3 20 19 25 28 32 50 27 12 0 5 50 29 16 20 50 9 29 50 
2 23 50 50 37 25 50 23 18 50 7 23 38 50 3 22 0 50 13 0 23 15 26 11 33 11 46 28 23 
2 50 1 43 1 37 1 16 30 50 50 28 24 10 14 44 41 20 40 37 49 50 49 50 50 40 2 10 
50 5 50 38 50 26 21 12 31 49 50 0 29 41 50 50 30 16 42 50 49 30 50 50 50 50 23 
43 20 50 49 4 50 26 21 44 12 50 27 35 50 35 33 50 50 28 12 25 8 35 50 46 44 
50 42 6 50 26 11 35 42 50 28 50 23 50 16 37 34 25 41 14 50 33 31 46 30 4 
36 50 50 40 0 31 22 28 50 50 37 50 21 27 50 43 18 1 24 30 50 12 7 45 
18 50 50 7 14 49 50 18 21 7 18 6 41 50 22 50 17 16 20 40 50 29 50 
50 35 17 21 38 46 50 44 16 29 3 10 2 5 26 41 42 49 50 35 50 23 
29 50 6 34 32 2 39 25 44 11 6 46 47 39 5 33 5 32 13 21 50 
30 36 31 50 18 50 26 50 50 50 33 50 45 42 50 43 45 24 9 50 
13 13 50 50 15 4 46 50 39 24 50 2 34 50 38 34 16 17 50 
10 50 50 33 25 44 17 50 50 22 21 39 35 50 29 50 22 7 
12 46 12 29 44 6 30 9 19 50 39 34 30 31 0 50 50 
16 31 50 26 20 48 50 50 7 0 25 36 50 32 15 1 
50 46 50 5 35 22 50 0 50 15 18 34 50 24 27 
33 10 25 39 50 31 22 44 20 50 42 25 16 7 
50 39 23 26 6 18 37 25 50 40 15 2 50 
50 50 29 50 50 15 29 18 42 25 39 7 
50 30 4 50 8 50 12 9 50 50 29 
50 47 50 32 35 4 1 46 34 0 
39 25 36 38 32 46 34 42 37 
50 32 50 26 34 41 0 3 
25 18 50 50 32 29 50 
32 50 23 36 38 9 
40 42 48 50 49 
48 34 50 6 
50 28 50 
38 48 
31 

45 36 48 21 50 9 36 9 44 6 34 0 38 4 7 13 50 41 5 15 1 30 13 50 9 50 16 38 50 7 34 30 18 50 50 46 35 43 50 37 25 40 35 13 27 36 41 8 31 
36 49 4 49 18 50 13 42 45 18 14 43 39 39 2 6 47 32 7 21 50 39 42 50 26 20 50 50 17 41 19 50 40 16 30 39 5 3 17 16 11 43 50 16 41 12 15 14 
1 25 34 20 4 17 33 12 48 41 31 34 35 42 38 43 25 33 18 0 21 22 14 26 29 6 50 50 28 33 25 10 45 50 44 8 38 2 17 7 19 24 50 2 40 50 36 
29 32 43 45 49 18 50 50 14 50 42 46 24 16 40 38 12 50 21 12 27 21 23 17 49 24 50 4 5 44 50 0 6 22 33 30 12 19 19 24 20 40 30 5 38 29 
50 50 23 50 50 39 6 6 24 42 24 34 36 4 43 39 33 6 49 30 34 31 30 31 46 50 21 45 32 44 39 5 22 9 49 26 1 24 10 2 50 19 5 4 6 
50 3 9 48 18 11 50 34 23 21 3 7 34 50 45 21 16 4 23 8 28 10 49 16 23 37 11 25 38 28 22 2 50 50 26 3 32 7 50 34 50 36 33 23 
50 1 47 10 29 41 30 50 42 7 50 50 7 5 47 8 25 42 21 24 29 33 7 50 30 0 37 50 38 10 20 50 12 22 5 10 50 50 38 50 18 19 6 
12 36 48 34 27 41 4 19 16 8 2 39 27 27 7 5 50 45 29 23 26 0 0 9 29 19 11 27 14 6 44 2 19 50 41 41 37 41 50 7 48 7 
12 28 25 50 0 3 9 50 12 30 6 14 22 41 17 31 36 32 50 20 23 50 50 39 48 13 44 17 43 18 34 41 23 50 50 33 2 23 47 39 50 
16 50 30 50 10 4 40 14 8 28 38 32 9 50 16 50 24 9 35 16 32 36 4 43 5 30 1 15 2 50 50 50 13 50 41 10 15 32 27 50 
47 30 19 48 25 50 35 33 6 15 34 18 17 48 32 29 9 12 18 25 8 19 13 26 35 5 39 13 9 26 28 9 10 5 25 49 36 40 21 
14 43 18 49 4 50 14 16 22 49 22 8 9 6 44 24 9 2 12 33 25 46 3 32 50 44 50 14 11 32 40 50 5 44 5 11 12 25 
13 8 6 6 26 23 8 50 12 50 24 25 22 41 50 48 0 27 4 17 27 41 50 20 11 28 23 50 50 24 32 26 31 28 24 26 47 
15 17 34 20 6 7 47 44 12 22 4 47 21 38 11 29 50 14 27 50 8 6 48 11 40 26 11 26 43 45 42 4 8 5 49 33 
31 50 32 50 4 26 26 0 38 18 39 3 43 45 46 3 46 42 20 5 50 5 23 21 7 39 2 47 21 2 46 8 18 50 41 
50 23 12 44 7 15 1 14 18 34 50 25 14 23 50 50 0 26 40 9 5 22 50 5 50 21 5 33 50 0 14 0 22 12 
50 39 25 50 38 50 18 43 50 50 13 17 43 47 21 32 40 49 7 40 16 38 43 44 2 2 35 31 42 45 50 41 50 
13 3 50 26 11 6 34 16 18 50 26 50 45 31 3 28 16 46 39 44 27 13 47 25 44 38 37 50 15 50 10 25 
18 50 30 42 1 2 50 7 42 43 16 50 7 50 50 11 3 12 50 41 50 18 6 46 50 47 50 43 8 7 46 
50 13 40 24 13 46 48 8 44 50 8 40 7 15 36 30 23 1 35 33 31 3 48 5 50 34 12 41 45 50 
50 50 26 9 36 26 49 6 46 49 20 1 18 7 50 23 40 38 30 50 42 31 48 1 11 23 47 40 31 
29 5 6 50 1 28 50 15 18 29 39 39 35 49 32 34 12 28 13 12 0 45 49 40 43 41 39 3 
6 26 23 14 39 37 46 0 48 28 3 37 23 47 34 29 34 30 6 33 34 0 41 9 23 35 8 
10 25 5 29 50 16 38 11 43 20 7 31 44 36 48 18 24 50 35 50 5 20 7 8 36 42 
4 46 37 23 50 20 20 18 26 5 24 29 26 7 35 20 14 21 40 49 19 16 50 4 32 
3 6 2 17 50 8 50 8 4 38 44 50 31 38 9 23 16 6 37 24 0 33 30 50 
46 50 30 10 7 40 50 50 10 5 50 3 50 3 35 18 50 6 9 31 50 25 36 
16 18 3 3 33 44 44 9 50 21 26 22 37 50 5 41 48 50 50 3 2 45 
31 50 21 38 50 14 19 34 39 15 31 25 19 15 50 39 4 21 33 23 50 
18 50 18 33 39 50 6 49 44 50 50 33 19 14 35 43 48 7 33 50 
27 24 46 42 13 7 50 43 41 14 10 50 32 32 20 50 4 10 14 
27 46 17 22 2 34 9 7 50 8 15 44 50 14 16 31 14 18 
0 50 50 18 40 9 50 36 15 15 5 36 24 7 20 1 12 
9 11 45 50 50 37 29 11 48 22 41 7 3 45 4 19 
14 18 30 32 15 36 50 41 27 50 18 11 29 48 50 
50 7 32 19 40 6 34 23 17 17 3 15 50 50 
27 14 50 15 17 50 50 2 27 40 41 25 38 
34 50 32 38 50 50 50 50 50 50 50 50 
50 14 50 50 50 50 50 50 50 50 50 
50 50 50 15 50 50 50 50 50 50 
50 50 50 50 50 50 50 50 50 
50 50 50 50 50 50 50 50 
50 50 50 50 50 50 50 
50 50 50 50 50 50 
50 50 50 50 50 
50 50 50 50 
50 50 50 
50 50 
50 

18 44 9 1 2 3 4 24 13 38 50 50 16 47 46 3 33 38 13 50 3 24 6 10 50 47 50 26 50 50 50 1 49 23 50 24 50 20 25 27 50 44 1 3 43 50 2 19 50 
29 38 7 27 45 19 2 47 42 50 39 50 43 48 44 50 32 2 21 21 41 6 12 41 38 38 49 46 50 50 37 2 31 16 50 2 8 28 50 28 35 18 11 50 35 25 30 16 
22 3 9 50 20 49 7 23 32 7 50 17 41 43 21 25 40 46 35 50 4 5 27 30 24 24 50 9 46 30 16 24 6 31 47 22 40 32 46 25 19 36 23 5 26 6 9 
38 35 50 44 36 44 11 15 10 23 25 19 50 16 36 11 8 1 50 50 38 50 40 42 43 21 39 48 50 22 31 36 39 32 15 17 50 35 41 26 2 1 0 32 35 3 
50 5 36 17 41 4 31 50 42 15 7 50 24 44 24 21 50 47 0 30 33 9 4 42 25 13 50 27 12 42 28 48 12 35 46 22 31 12 19 30 18 35 3 2 50 
32 32 43 18 24 29 44 33 34 29 35 50 1 38 22 15 23 16 8 35 23 41 32 2 39 0 5 10 19 5 50 12 35 30 46 19 50 47 2 3 19 17 4 43 
12 24 4 40 41 29 13 24 45 34 17 25 30 42 31 11 13 50 16 20 1 50 45 9 31 47 23 41 42 14 37 36 7 46 42 32 8 45 50 26 44 18 41 
50 22 27 19 19 50 21 44 15 6 50 50 50 12 49 50 50 6 20 0 7 21 3 0 12 44 10 11 23 19 50 42 48 18 44 50 8 20 18 14 50 23 
3 39 10 48 19 46 50 50 6 40 45 50 50 50 50 35 2 43 21 24 50 14 23 16 25 5 13 10 50 23 50 45 50 5 49 50 50 50 9 17 4 
48 34 4 1 40 34 28 45 43 11 2 27 32 44 46 50 50 26 24 29 19 9 45 19 50 50 38 50 17 9 26 33 50 28 18 48 43 41 48 8 
8 30 7 20 45 14 41 23 36 21 50 29 19 0 50 50 22 27 50 41 4 26 50 46 40 9 50 33 10 1 23 28 2 4 19 13 13 40 31 
31 33 50 23 23 50 50 20 3 43 12 44 41 20 1 0 24 29 39 17 7 50 16 50 46 17 27 12 5 48 46 20 50 46 21 9 8 48 
50 50 50 39 29 50 50 19 50 49 14 40 34 37 22 50 38 49 24 1 12 2 50 45 12 37 46 46 32 38 19 3 12 14 22 35 46 
5 32 18 35 21 50 22 5 22 17 10 48 50 41 50 50 2 50 34 49 27 9 42 12 7 28 6 50 18 46 4 3 42 26 50 50 
33 2 31 50 27 50 5 29 50 50 10 32 12 37 43 32 49 50 29 35 50 25 13 35 10 32 13 4 19 19 37 39 10 4 35 
31 20 21 38 13 50 12 29 32 15 30 50 30 45 22 30 50 47 4 27 7 31 21 46 9 1 30 36 2 3 49 45 9 29 
42 4 4 31 50 31 25 50 3 50 25 20 14 15 44 48 0 17 50 0 34 38 17 39 6 5 36 35 40 34 49 6 1 
28 36 4 41 44 38 16 27 39 11 38 5 32 50 37 15 2 11 10 46 39 7 50 16 50 2 40 10 10 11 50 19 
27 20 29 40 19 1 47 42 26 40 5 23 36 13 10 9 31 26 40 50 0 13 5 49 23 47 1 0 37 37 31 
6 7 10 16 25 46 45 21 25 33 21 31 13 3 50 50 39 33 22 18 11 22 18 0 30 9 22 44 16 36 
13 34 21 11 7 5 3 24 18 24 32 17 12 43 37 50 7 10 2 7 21 3 30 50 37 44 17 19 8 
13 50 9 28 42 24 29 4 43 34 48 1 21 40 31 37 33 12 40 50 45 9 34 24 6 2 17 44 
22 50 10 50 42 45 10 15 50 27 50 22 41 21 43 22 18 47 9 9 28 29 17 30 50 44 46 
50 13 19 23 42 24 29 46 9 50 17 8 36 37 50 1 26 23 12 50 2 36 29 20 45 33 
6 50 40 4 35 11 50 21 37 49 43 5 50 37 37 25 50 13 20 40 31 5 30 44 28 
17 30 27 11 50 50 5 50 1 36 32 1 25 29 50 41 50 39 11 22 16 16 2 9 
3 9 20 32 47 50 7 50 2 16 24 1 8 25 31 42 3 1 15 31 26 47 50 
30 7 38 17 44 50 50 22 28 21 9 38 11 20 12 47 39 32 48 37 28 22 
26 20 50 2 34 47 16 26 50 30 45 22 42 31 0 32 23 7 14 50 4 
13 20 5 1 46 32 19 22 0 26 1 48 12 36 36 14 46 25 3 23 
19 7 26 10 20 11 5 50 46 9 47 50 1 41 39 16 37 45 6 
46 44 4 44 16 26 14 13 6 13 27 24 37 28 34 43 39 15 
47 2 17 13 31 25 18 15 24 41 33 47 11 23 38 49 24 
27 10 25 1 41 50 48 15 37 19 14 10 47 0 23 46 
38 26 24 32 5 19 19 2 8 34 50 32 7 50 8 
42 19 31 0 9 41 35 36 8 18 37 33 16 50 
50 50 50 50 50 29 50 50 50 50 50 50 50 
50 50 50 50 50 50 50 50 50 50 50 50 
50 50 50 50 50 50 50 50 50 50 50 
50 50 50 50 50 50 50 50 50 50 
50 50 50 50 50 35 50 50 50 
50 50 50 18 50 50 50 50 
50 50 50 50 50 50 50 
50 50 50 50 50 50 
50 50 50 50 50 
50 50 50 50 
50 50 50 
50 50 
50 

20 37 28 49 47 43 21 20 3 8 10 45 47 0 10 42 26 23 14 29 8 27 50 26 1 18 6 41 50 30 39 42 50 42 50 48 39 50 27 13 31 10 21 42 10 7 37 9 24 
30 50 21 49 18 49 26 42 41 6 24 30 24 6 50 19 50 33 15 14 25 34 17 48 38 12 37 9 50 23 19 50 39 0 2 26 1 13 50 8 50 29 37 50 38 8 37 12 
33 32 0 44 16 43 15 50 3 35 29 24 0 31 31 24 27 27 11 21 10 13 29 3 30 30 33 13 23 8 4 39 37 13 28 21 13 31 5 32 50 45 43 16 41 50 50 
0 45 50 50 38 38 7 48 49 15 50 26 13 6 34 26 43 0 3 13 50 17 33 50 33 0 30 28 0 45 45 5 15 50 44 32 35 5 50 39 50 38 33 5 40 2 
27 29 9 38 25 21 48 50 0 41 44 30 15 12 50 11 18 41 11 22 30 7 47 16 22 22 3 38 32 38 8 6 21 50 40 10 0 28 50 28 46 49 33 50 50 
31 37 25 27 9 7 11 14 3 6 17 15 18 10 5 50 50 30 46 13 50 31 50 36 38 48 4 49 39 11 39 36 21 35 35 42 6 15 11 16 20 8 36 16 
43 6 19 43 50 33 2 0 39 34 0 10 41 50 50 5 21 39 18 35 9 46 17 12 29 6 11 28 27 45 23 0 3 33 36 40 44 42 17 22 41 24 42 
1 27 27 40 40 11 50 19 14 2 32 44 39 50 19 0 3 50 4 19 1 50 0 20 50 39 50 47 50 44 50 32 7 49 26 40 19 34 23 41 40 0 
18 22 47 50 37 21 50 28 50 5 45 19 5 12 5 50 6 13 42 50 33 50 5 50 50 38 50 6 41 16 11 13 36 26 9 34 12 27 12 12 5 
50 18 50 8 4 13 50 43 50 50 50 41 20 5 43 43 23 33 28 49 49 10 20 2 50 50 31 44 23 1 29 1 5 50 30 6 33 4 36 29 
7 50 28 5 50 38 19 45 42 6 35 50 48 26 50 50 9 16 36 44 31 21 50 4 11 24 13 25 50 50 50 12 50 50 49 31 50 41 49 
50 3 23 35 13 39 19 15 30 35 50 35 48 50 13 50 18 11 50 8 5 50 32 26 50 35 7 18 35 12 21 35 44 26 0 50 46 14 
50 50 48 13 15 22 33 35 21 16 34 50 33 1 50 26 19 50 50 2 5 50 50 8 31 9 44 40 40 40 50 5 12 34 12 35 50 
50 2 5 41 31 50 29 29 11 41 50 48 39 4 50 16 50 24 1 19 7 50 41 21 37 50 12 50 3 50 16 28 27 40 43 43 
3 50 43 28 31 50 7 50 44 50 8 33 37 36 28 50 0 50 5 22 33 43 49 50 25 42 27 2 50 38 49 50 32 23 35 
50 39 10 1 10 1 16 2 15 49 26 14 42 50 50 36 17 35 36 18 32 15 24 49 22 44 11 32 29 50 11 26 28 33 
50 49 13 23 25 50 4 50 27 22 46 24 35 35 36 35 48 13 39 25 50 0 1 18 17 50 48 13 50 50 50 32 41 
50 16 6 24 19 12 25 21 16 34 50 43 8 6 50 8 40 50 25 36 49 0 50 3 23 28 47 31 9 47 47 9 
2 46 2 5 19 40 8 35 43 27 50 50 42 35 50 36 45 6 45 24 1 49 50 42 6 24 48 50 38 36 3 
1 50 46 50 4 19 50 37 15 47 37 18 22 28 50 22 9 10 15 6 50 38 29 8 42 50 26 38 3 31 
24 46 11 29 50 0 39 3 50 1 22 23 48 21 12 7 50 13 25 50 18 27 24 35 5 38 3 7 50 
31 25 22 50 50 36 4 31 39 50 22 27 38 1 47 5 24 24 7 43 19 50 5 37 16 39 6 13 
19 40 48 50 35 31 10 14 49 27 50 45 44 39 49 27 31 50 50 26 23 34 3 20 39 50 36 
40 5 44 39 12 25 26 5 21 38 12 11 43 27 50 7 20 15 17 20 38 23 1 14 9 7 
21 8 50 22 4 20 0 13 41 15 24 48 50 47 50 50 47 0 50 13 44 38 50 50 50 
50 50 50 50 50 27 28 26 41 50 35 50 50 34 0 34 29 49 7 50 49 27 35 50 
50 50 23 50 4 50 0 50 23 29 12 28 10 44 17 36 50 12 16 47 41 36 39 
6 15 4 30 38 7 4 50 50 50 12 38 48 50 46 48 20 34 3 2 50 49 
6 50 29 32 35 0 29 48 50 32 36 17 50 5 49 6 3 41 38 50 35 
35 50 12 3 44 41 42 41 49 50 50 9 50 13 50 50 4 50 13 12 
11 50 11 50 50 38 36 17 5 2 50 19 50 30 50 14 50 50 50 
9 50 7 31 50 50 14 50 22 50 35 50 37 24 42 50 27 15 
50 21 23 2 44 20 1 28 50 16 32 32 50 49 36 14 50 
2 50 43 33 18 18 34 16 13 49 50 36 38 12 50 1 
31 5 37 14 8 4 3 50 7 18 17 21 44 50 26 
32 50 22 18 34 30 28 50 21 40 5 0 50 7 
22 2 50 7 16 50 50 25 36 1 40 36 24 
11 31 8 50 43 27 50 38 31 18 50 50 
50 15 39 36 22 50 50 4 25 8 7 
3 19 50 46 50 50 32 18 50 37 
36 15 42 50 5 18 7 9 34 
46 48 1 0 3 50 38 14 
9 9 50 50 13 22 50 
10 8 33 15 47 15 
6 50 28 13 45 
9 45 40 25 
7 36 48 
50 50 
15 

42 33 35 9 38 6 50 12 6 50 39 41 1 41 43 15 49 17 11 23 25 47 21 7 50 48 50 33 25 4 33 28 50 43 13 19 38 21 46 3 6 18 50 28 4 27 44 12 50 
2 2 0 19 50 35 11 37 50 20 50 21 50 42 38 16 50 47 5 37 34 34 50 50 50 49 3 42 2 2 0 23 46 50 20 45 23 50 9 29 28 21 50 7 50 34 41 20 
38 22 43 50 7 50 50 49 50 14 1 24 50 30 14 15 36 50 2 18 27 50 50 50 24 41 11 36 20 38 16 9 31 29 34 5 6 33 25 16 24 50 33 1 17 24 34 
12 15 36 47 50 43 2 37 20 50 17 13 39 18 49 46 3 42 27 44 49 32 18 25 1 32 26 27 8 34 50 49 17 16 24 42 2 13 15 49 46 10 44 33 12 43 
6 0 41 11 12 7 50 5 27 3 7 35 35 50 50 50 25 50 38 15 29 24 11 1 18 10 6 11 16 10 30 50 27 2 26 28 37 29 35 29 25 20 29 6 9 
19 48 0 29 50 23 14 44 34 30 2 36 0 38 50 29 50 50 34 38 2 10 5 48 29 46 22 2 42 33 28 9 50 18 25 13 50 5 20 47 0 50 50 43 
22 50 33 8 12 5 36 28 27 24 32 26 27 44 7 22 31 3 37 6 8 40 14 50 50 49 37 50 2 50 9 38 17 25 46 21 50 3 33 35 50 31 41 
50 26 17 50 50 47 35 21 40 31 44 37 25 14 35 44 42 7 40 9 19 8 24 22 1 50 48 12 21 7 31 39 37 50 1 45 6 12 8 40 2 37 
10 18 48 46 12 25 4 23 43 49 5 39 26 32 31 40 36 50 19 50 3 35 49 21 49 50 50 36 29 39 11 35 15 43 20 50 29 38 42 50 12 
43 16 16 30 11 15 42 48 23 50 31 43 5 8 42 30 16 50 20 37 35 33 5 20 50 0 43 0 15 50 18 14 45 36 33 31 16 28 40 32 
25 31 50 33 35 20 17 21 38 40 46 33 7 12 26 21 28 10 20 24 50 2 47 50 16 30 23 44 50 50 18 14 26 23 23 39 50 1 43 
40 31 40 27 5 50 35 10 50 48 43 27 20 1 2 50 46 29 37 49 6 39 45 42 43 0 19 30 31 18 1 21 36 32 24 28 7 9 
50 48 30 19 7 1 50 22 28 13 29 24 7 9 48 45 20 28 50 50 33 46 6 12 11 27 3 50 48 29 6 34 34 39 6 34 50 
1 50 44 30 36 50 28 36 14 2 16 49 19 34 41 50 50 13 7 32 13 39 47 35 23 40 22 44 12 43 18 20 15 41 49 50 
20 18 50 25 46 35 10 19 32 35 15 22 50 28 50 10 50 48 46 7 46 22 35 27 4 50 13 50 41 3 34 50 24 42 4 
31 5 0 10 7 31 46 50 36 50 50 50 50 13 47 3 16 9 17 24 13 50 2 37 28 26 50 50 19 49 46 7 21 11 
44 27 32 18 8 33 47 27 50 41 14 47 11 50 40 49 50 46 50 25 0 46 50 1 31 44 36 11 50 38 39 16 45 
39 50 33 17 44 29 42 37 33 13 50 26 1 21 7 7 6 6 26 14 33 29 36 36 50 38 50 50 3 17 38 22 
15 40 31 43 3 10 50 50 41 45 16 50 33 2 32 34 37 14 47 44 15 50 34 45 39 50 33 6 43 24 50 
50 15 17 50 42 44 9 50 11 10 50 0 35 36 40 48 50 23 18 50 33 25 18 4 9 19 21 50 26 45 
33 33 8 24 34 28 32 28 30 46 4 8 46 50 46 50 44 34 18 13 29 6 29 50 38 50 50 50 16 
6 50 18 32 32 15 6 27 33 4 50 50 29 32 18 17 50 50 44 17 20 27 1 26 44 16 50 50 
50 0 50 47 33 50 0 50 13 45 13 18 50 4 31 47 0 50 50 23 33 50 44 6 50 1 27 
27 50 15 29 27 12 3 50 2 42 34 50 30 47 47 12 30 22 37 8 50 42 46 23 50 30 
23 11 50 50 48 48 6 4 40 48 50 34 17 28 50 50 37 36 39 2 50 43 44 1 50 
50 20 0 50 39 11 44 42 15 2 44 45 23 50 50 50 20 43 9 0 47 44 26 35 
31 50 23 50 35 50 5 50 46 49 50 5 7 14 44 50 23 36 39 45 30 39 24 
1 36 50 50 34 50 10 50 50 18 34 50 50 26 50 50 16 34 50 25 1 15 
47 1 7 23 44 17 50 0 4 10 50 50 33 18 29 50 5 27 18 50 39 
50 34 32 50 33 50 21 28 40 44 16 50 36 39 47 7 29 41 50 50 
46 10 44 50 16 38 1 17 11 17 15 37 34 35 9 35 16 50 50 
27 27 43 17 44 42 17 19 15 25 50 23 50 18 21 4 15 25 
37 17 50 50 50 50 25 50 23 25 12 41 38 50 20 44 50 
31 50 21 50 30 50 50 22 50 30 12 16 0 46 35 39 
12 18 33 50 50 0 27 5 49 50 16 18 32 34 9 
48 40 2 23 42 37 8 16 20 13 50 21 25 50 
25 36 36 43 6 50 50 50 41 50 50 18 4 
33 50 8 50 34 16 20 8 4 49 40 39 
30 50 38 35 27 5 5 27 16 50 50 
50 50 50 50 50 50 36 25 50 2 
36 22 7 20 41 0 0 24 50 
23 14 50 50 29 48 12 40 
28 50 7 50 50 47 36 
1 25 1 49 44 35 
50 4 23 50 50 
28 12 27 33 
6 50 50 
50 14 
50 

10 48 12 6 41 17 35 39 49 29 27 39 21 14 30 10 18 36 2 50 40 50 22 14 22 47 26 25 24 18 50 40 46 15 49 50 12 7 50 2 35 17 20 8 38 16 50 18 15 
46 7 49 50 10 43 1 24 7 21 6 15 11 17 18 13 3 26 30 40 43 12 5 6 23 0 23 16 14 5 41 21 0 34 5 11 0 21 27 1 10 50 41 26 44 36 27 31 
47 7 37 43 50 43 38 50 7 39 50 5 50 10 40 2 23 28 49 44 10 5 3 42 21 16 13 50 10 1 35 33 9 12 45 2 3 16 41 50 50 34 27 4 11 19 9 
10 50 33 27 42 14 24 2 26 50 42 21 38 35 22 21 49 50 3 28 37 34 0 17 38 31 41 34 5 22 5 16 22 44 48 3 10 9 43 50 13 35 17 44 19 50 
29 36 1 34 36 14 23 29 22 7 21 31 3 34 2 28 17 50 41 20 30 36 28 16 8 50 33 0 0 46 0 20 12 37 44 9 37 34 16 44 28 26 29 32 1 
15 37 20 27 17 0 40 23 50 16 50 4 39 50 8 3 17 5 26 6 32 45 25 14 3 49 31 50 14 50 50 12 5 21 37 0 21 50 23 50 42 16 27 8 
31 34 32 1 25 29 33 24 2 50 47 8 45 50 33 9 50 14 50 18 6 50 15 10 33 50 39 0 47 41 20 37 4 0 42 38 50 49 40 50 15 44 17 
34 23 41 29 42 9 28 35 28 33 41 44 14 38 25 2 48 21 16 40 36 37 33 42 14 50 8 10 0 42 38 27 33 26 6 50 30 42 50 11 23 24 
26 23 5 3 50 46 21 47 39 31 15 38 38 15 47 7 22 5 25 35 16 0 42 49 3 1 37 5 16 2 47 21 26 38 15 37 18 19 9 8 15 
46 50 17 18 50 26 34 45 50 44 29 31 38 36 26 38 20 10 36 20 50 36 39 26 50 9 0 3 36 16 50 23 40 50 31 36 50 46 14 32 
50 5 13 7 44 7 18 42 1 23 50 37 11 45 2 24 39 22 8 18 38 47 26 44 8 10 50 14 11 39 11 50 42 29 24 50 35 11 15 
28 13 34 50 41 14 35 50 37 50 43 33 19 23 21 6 22 50 48 50 50 3 37 19 25 27 0 36 8 13 50 7 33 39 2 30 50 26 
29 7 23 47 8 31 7 18 38 9 11 43 2 1 21 15 21 23 32 8 8 50 7 50 29 42 21 50 50 38 18 42 37 47 10 25 49 
12 20 29 30 6 28 50 7 25 36 50 14 17 10 40 28 6 47 27 31 13 22 34 26 32 48 29 22 4 21 33 9 29 30 32 50 
50 50 32 50 8 37 22 14 36 50 44 3 37 34 23 31 43 44 38 15 1 9 18 47 29 14 1 40 11 4 29 12 19 1 28 
39 40 0 49 50 14 30 24 13 41 20 43 45 41 15 26 1 50 5 31 4 14 48 50 39 29 20 20 45 50 17 4 3 2 
22 44 36 17 28 6 4 50 34 41 50 25 27 41 50 43 29 27 2 19 0 7 50 44 17 23 36 5 31 42 43 37 47 
50 50 34 47 30 46 50 40 2 36 38 50 23 49 4 8 50 4 50 28 50 18 0 2 2 50 32 50 50 22 50 31 
25 36 3 25 31 47 9 31 43 12 26 36 50 24 8 14 6 41 23 34 9 42 50 19 36 1 50 42 47 50 24 
6 21 33 47 3 50 50 6 30 13 31 30 6 49 23 28 21 50 6 50 11 37 40 50 12 44 21 48 20 50 
50 27 0 3 50 20 16 29 45 50 8 26 46 50 2 14 46 25 35 48 24 23 7 13 40 23 22 38 50 
30 50 50 13 20 48 29 33 25 0 9 27 8 34 50 24 4 14 17 43 50 30 5 5 20 10 26 23 
48 37 1 39 35 13 49 35 26 18 16 18 18 2 30 38 34 50 50 8 9 18 14 50 9 16 26 
16 50 50 50 11 50 50 46 40 23 50 15 50 12 13 41 50 50 2 50 50 3 25 50 41 6 
18 37 13 20 35 43 36 50 1 9 50 50 50 25 47 24 44 46 50 13 28 49 50 50 42 
50 50 50 50 34 32 10 50 18 31 46 5 41 47 41 50 9 14 14 41 50 35 26 47 
30 9 50 25 50 50 46 36 2 50 10 22 40 17 50 50 19 50 15 33 50 38 13 
13 44 46 22 50 50 50 0 50 15 50 41 39 11 45 50 47 50 32 31 2 15 
50 50 46 4 50 32 18 50 18 6 50 34 6 50 50 12 50 43 50 37 50 
1 50 50 36 18 50 50 41 37 5 4 25 26 36 50 38 2 14 16 26 
50 37 50 49 50 50 29 40 50 37 50 12 39 50 30 5 25 50 50 
7 49 2 20 16 9 28 40 10 5 28 50 50 50 50 50 30 37 
7 50 50 16 1 11 13 50 4 50 50 50 11 7 50 47 50 
21 48 50 38 12 50 50 50 17 23 17 50 50 46 44 50 
39 50 50 6 34 35 50 19 42 13 50 8 17 50 50 
50 8 50 14 37 3 50 50 50 50 37 32 41 42 
38 33 13 37 43 50 43 46 41 16 31 50 45 
9 1 27 2 44 50 50 50 8 43 25 11 
30 26 33 39 7 50 50 50 22 10 20 
2 32 35 50 50 44 23 36 50 4 
50 5 13 9 50 9 18 19 50 
50 50 33 50 50 26 25 5 
50 50 50 50 29 46 50 
50 50 39 50 50 33 
34 50 50 50 2 
50 26 30 12 
27 23 50 
12 35 
50 

38 30 40 50 40 50 33 50 38 36 10 38 45 34 10 33 22 36 45 12 16 35 21 48 24 50 37 9 0 4 17 35 41 21 50 26 41 1 3 16 33 23 50 26 49 1 29 32 1 
44 48 25 41 50 7 33 9 36 40 26 24 14 22 29 14 1 21 10 29 17 3 12 50 43 23 39 27 19 47 11 50 40 30 25 26 2 21 50 48 5 39 18 31 31 37 19 50 
22 22 44 28 45 26 50 20 41 45 41 20 19 17 14 1 25 0 8 14 11 23 45 22 8 50 22 50 34 30 14 2 6 42 44 16 39 36 29 45 14 49 45 10 36 7 35 
22 33 8 24 16 39 41 4 26 8 11 19 50 15 38 50 13 32 30 30 50 10 31 50 22 24 17 37 0 0 39 21 19 17 3 24 45 46 28 50 50 23 22 17 18 47 
9 19 21 34 7 6 50 17 3 7 36 46 37 49 50 14 24 4 0 8 15 50 50 10 39 35 27 43 38 40 11 10 50 40 16 24 7 37 50 44 20 15 43 4 38 
2 11 48 3 18 35 17 11 44 39 23 19 25 48 17 8 4 10 22 44 8 47 43 39 43 26 38 40 45 7 37 43 45 26 6 14 3 24 5 26 20 50 8 13 
4 30 49 20 50 24 12 9 45 2 1 48 0 49 40 17 43 31 39 18 2 50 17 1 7 44 39 32 9 34 4 37 11 15 27 50 7 30 50 28 35 38 50 
6 24 11 14 16 38 11 50 6 35 30 44 10 47 28 39 50 3 6 3 48 4 29 24 47 12 50 19 10 8 24 16 2 22 42 44 42 50 14 41 48 21 
1 29 32 38 45 28 29 31 50 49 18 33 20 4 39 12 32 0 30 20 44 32 29 17 46 50 3 19 50 40 50 33 49 26 39 31 42 4 40 16 6 
22 48 30 23 21 44 38 42 8 16 41 42 44 10 28 19 13 1 24 3 13 16 15 24 50 27 20 50 9 43 43 50 38 50 50 49 3 31 33 0 
5 50 29 18 50 44 17 20 2 50 12 29 40 16 15 3 12 9 13 43 16 50 41 2 32 50 50 39 11 31 26 24 24 8 35 19 36 46 29 
30 14 12 46 18 45 27 16 28 46 16 1 3 4 41 50 38 29 48 29 12 37 16 28 47 34 18 11 50 19 50 37 24 12 1 31 18 23 
23 19 50 46 48 37 14 8 23 9 16 27 46 17 50 23 10 39 29 32 33 16 21 50 21 16 13 45 10 50 0 50 10 22 23 23 18 
50 45 12 25 35 2 26 19 50 21 6 8 44 12 37 3 35 50 26 50 27 18 1 29 50 44 1 25 50 41 14 9 33 12 38 3 
47 36 21 49 34 33 16 37 44 35 11 7 13 29 9 42 15 33 41 7 24 8 12 27 47 36 47 11 45 31 17 31 41 18 50 
37 28 2 30 42 22 2 33 23 2 38 50 34 2 4 4 9 32 9 15 33 23 36 31 3 17 34 25 9 32 9 24 1 30 
50 15 50 40 10 1 12 6 34 5 50 33 50 12 36 50 44 50 22 45 29 32 3 34 11 50 8 1 28 10 25 50 50 
50 50 50 34 20 31 28 25 39 50 50 37 50 48 50 0 16 24 50 5 16 22 34 1 46 26 50 38 47 50 50 43 
44 32 33 23 40 37 27 28 19 50 50 50 21 50 38 28 21 50 50 50 9 50 50 50 1 50 50 15 12 50 50 
34 17 46 42 5 41 7 22 50 44 50 25 13 12 50 50 50 48 8 8 25 35 21 6 50 3 47 50 50 0 
41 50 50 19 50 31 50 46 50 45 36 26 10 50 14 50 3 49 31 14 50 6 1 2 50 50 45 14 25 
50 34 50 16 19 7 50 3 10 36 29 28 50 5 50 30 10 41 50 50 50 50 24 50 7 9 24 31 
50 42 27 10 47 4 50 25 50 28 50 31 50 22 26 10 43 50 50 21 50 50 50 1 49 13 1 
44 50 36 7 8 26 7 19 45 29 6 36 46 50 25 50 50 42 50 50 26 50 20 42 41 4 
24 50 50 50 50 25 45 50 0 5 50 50 10 10 18 18 10 50 13 50 50 24 6 50 42 
9 18 50 16 16 28 50 50 50 29 36 50 30 50 29 45 5 20 50 28 50 50 50 50 
40 11 50 45 15 24 2 7 10 35 48 29 50 1 36 22 40 4 50 50 22 44 50 
12 50 22 14 50 23 43 16 50 18 21 41 7 12 1 43 1 30 26 50 15 49 
50 18 40 50 37 11 33 50 42 32 50 5 32 47 4 30 12 3 50 2 2 
21 23 40 50 32 39 28 50 24 50 50 34 22 50 50 48 50 50 44 10 
46 44 11 47 50 36 11 50 23 33 3 10 31 28 34 24 5 26 50 
0 49 36 19 5 50 50 50 50 29 44 50 1 16 17 50 10 49 
21 48 11 50 38 29 11 37 27 50 21 36 26 20 7 38 23 
50 3 50 36 49 30 28 41 48 50 34 50 50 17 46 30 
3 9 50 27 35 37 50 20 50 38 50 42 9 19 14 
5 27 24 17 50 50 14 49 28 50 50 48 50 50 
50 50 50 43 22 49 28 50 45 20 5 11 50 
22 30 30 8 50 50 7 24 18 35 50 14 
35 50 19 39 43 49 50 8 25 50 50 
35 2 11 1 50 28 10 50 25 28 
50 43 50 32 50 34 50 35 10 
35 13 32 47 6 50 41 7 
21 21 24 50 50 18 50 
20 50 40 23 50 32 
50 38 27 13 50 
9 50 24 50 
8 15 26 
22 44 
50 

7 32 20 37 40 15 12 36 20 43 15 50 50 49 7 22 29 21 8 27 9 42 25 39 20 20 44 46 10 12 6 34 29 50 50 41 50 32 27 6 36 50 50 29 15 50 27 50 50 
47 24 50 35 50 48 50 3 50 21 4 37 0 31 50 22 9 26 10 34 11 8 33 50 9 50 48 50 22 50 50 4 32 50 17 50 25 50 14 32 30 39 38 50 50 8 7 2 
6 22 18 50 18 35 50 47 8 2 46 50 44 22 19 50 41 46 46 19 7 36 3 8 13 42 50 0 23 28 50 4 35 50 19 22 2 43 18 18 26 37 24 16 32 50 34 
5 39 50 22 0 26 50 50 21 14 21 21 10 15 50 50 33 47 43 38 21 19 3 44 49 50 6 28 15 45 21 9 23 11 8 50 16 50 1 2 28 27 6 43 50 21 
24 15 45 50 6 50 10 50 22 14 2 41 30 41 45 13 46 50 39 48 2 23 50 4 50 15 33 48 8 18 50 41 49 50 29 50 32 50 3 1 8 1 12 50 50 
19 32 6 24 1 50 25 36 40 36 17 50 29 11 5 50 43 40 33 0 20 23 41 25 46 46 35 50 2 17 46 14 50 50 20 15 27 50 12 19 31 0 47 2 
40 18 4 43 39 20 35 8 47 50 4 46 5 45 26 0 37 48 44 7 36 10 18 13 34 39 20 41 30 24 50 39 50 20 6 37 48 49 16 5 49 31 30 
12 29 50 40 40 20 50 35 5 26 5 34 2 3 47 9 37 22 50 50 45 9 27 38 50 2 19 50 12 31 14 37 11 35 1 1 50 38 26 30 36 16 
5 21 1 50 37 1 50 34 37 28 27 6 38 27 28 27 40 6 25 29 50 34 32 50 10 50 50 46 34 5 29 37 20 50 50 13 32 29 50 38 50 
15 11 42 47 50 20 12 42 46 50 17 47 29 7 19 0 50 9 46 50 50 5 46 50 37 11 30 24 27 32 23 50 29 20 8 7 25 29 46 42 
16 2 26 50 20 27 10 18 47 15 31 50 3 50 9 50 9 27 22 44 48 22 50 50 39 35 50 36 50 35 32 50 18 48 49 19 42 50 28 
39 50 39 48 0 36 45 0 25 35 43 8 7 10 19 5 5 6 39 50 50 19 19 50 20 37 50 7 39 35 2 30 46 50 16 27 9 2 
45 36 5 24 50 48 40 25 44 6 48 29 40 10 27 9 17 46 6 35 4 8 48 40 44 29 19 48 19 17 35 17 7 3 28 50 38 
35 50 6 50 2 27 25 21 12 18 48 3 36 32 24 43 2 27 43 5 15 8 22 0 10 2 50 45 22 20 17 50 20 42 20 12 
50 25 20 23 46 15 0 31 28 13 32 46 33 31 32 19 44 5 29 44 10 50 23 26 50 49 7 27 44 39 26 50 22 45 45 
3 41 49 20 22 50 34 7 6 50 20 11 46 18 31 14 50 7 34 38 32 38 33 34 21 42 46 6 50 36 9 8 20 50 
50 8 48 50 23 50 8 8 50 44 50 46 16 50 8 33 42 8 49 9 50 6 31 49 2 50 42 50 48 47 7 14 10 
24 6 29 8 45 15 50 31 6 20 50 16 7 40 24 38 50 50 2 13 50 29 31 3 33 21 27 42 40 32 1 50 
19 43 3 13 42 47 23 21 35 1 44 29 39 41 15 50 10 19 48 11 5 27 7 50 50 47 50 11 3 8 43 
45 44 37 50 22 8 12 17 7 49 41 50 0 49 37 44 0 20 36 39 0 36 45 10 47 42 15 29 17 1 
39 5 35 50 2 18 43 50 0 31 33 20 50 17 19 50 35 11 43 43 31 50 5 14 49 12 17 12 50 
35 9 50 30 10 50 40 50 38 26 2 9 41 30 7 38 22 50 17 43 20 21 50 45 19 50 0 50 
16 14 14 10 32 9 36 8 33 26 20 50 50 46 50 25 43 33 2 50 17 14 47 45 37 13 42 
47 29 50 26 18 22 50 14 50 50 22 38 21 0 5 18 21 26 22 28 50 37 30 13 20 18 
37 41 50 12 50 5 34 47 12 0 33 7 38 48 12 25 16 33 13 4 47 18 50 50 48 
25 32 19 30 48 2 50 24 50 25 50 47 40 15 17 46 34 46 18 29 34 29 30 28 
50 23 9 40 50 30 50 50 16 27 18 7 41 30 50 48 48 7 26 27 21 34 34 
28 10 33 17 50 21 34 22 7 11 26 0 9 38 7 0 1 14 18 50 50 14 
40 11 11 50 15 0 25 30 11 16 50 50 34 17 2 0 39 0 41 16 34 
36 50 50 29 50 42 50 50 34 7 50 50 31 16 29 50 23 26 40 45 
50 50 30 50 32 13 29 5 20 50 50 50 42 50 28 9 23 21 50 
43 50 34 10 23 50 17 35 35 32 50 41 50 50 39 50 17 35 
50 50 50 26 45 15 28 50 5 50 25 48 50 50 42 41 31 
3 29 28 41 50 26 43 46 25 42 24 50 32 50 44 20 
48 38 31 50 4 17 49 25 50 8 50 46 27 37 11 
15 5 47 2 9 16 50 40 6 48 16 28 50 48 
50 3 50 10 45 50 29 50 12 33 9 50 38 
36 32 4 17 23 50 50 19 50 19 0 50 
50 10 50 17 50 47 50 50 18 29 15 
1 3 41 15 32 50 39 39 50 9 
16 30 22 50 3 46 9 47 0 
50 20 50 20 11 45 11 38 
30 41 50 50 26 7 11 
5 50 50 50 6 1 
50 45 10 42 50 
50 13 48 45 
10 19 30 
12 5 
50 

44 12 18 50 50 35 11 18 39 12 28 11 36 45 19 50 1 8 3 50 25 20 32 42 21 49 36 0 5 7 44 50 3 12 22 0 15 45 5 18 39 26 36 48 6 16 2 29 36 
48 17 14 11 33 30 5 39 0 5 34 2 39 49 43 50 18 50 17 36 5 44 31 50 21 29 42 47 18 17 22 50 40 5 45 7 50 24 23 12 43 8 3 33 2 11 26 4 
46 15 14 19 4 28 18 49 9 50 38 30 32 41 43 7 26 46 50 36 48 30 23 24 50 6 0 49 24 36 42 34 39 38 2 42 28 0 17 49 38 29 16 23 47 5 50 
36 50 10 11 50 37 21 9 15 21 32 50 23 28 50 18 42 16 50 10 50 50 41 33 50 22 49 20 29 2 41 13 21 22 26 50 34 31 6 13 34 46 10 38 48 24 
47 32 39 50 46 48 7 8 47 19 50 26 27 36 40 41 1 49 13 7 32 8 49 15 48 29 47 21 50 7 9 33 1 23 11 26 8 34 37 44 12 33 12 8 0 
15 16 41 44 50 10 38 26 50 19 4 14 20 32 24 26 14 18 13 48 24 31 26 2 48 20 29 1 24 46 38 3 13 9 30 6 50 3 28 17 41 0 35 41 
31 25 10 41 38 41 44 17 37 16 46 40 50 3 8 34 17 13 39 4 10 23 38 15 15 16 15 36 17 29 3 50 15 7 18 21 43 41 50 50 38 13 32 
37 50 50 3 36 39 40 14 1 26 18 29 43 33 35 21 50 50 46 14 1 5 14 39 33 18 32 43 21 4 24 28 48 29 25 25 38 0 12 30 43 29 
50 47 1 12 37 48 26 39 19 34 31 23 12 41 39 41 50 0 50 12 50 9 15 50 9 34 18 11 7 50 50 39 29 13 13 50 28 29 25 6 43 
18 3 26 36 9 23 24 37 8 14 17 21 26 17 20 23 50 33 25 6 37 50 50 17 50 9 42 15 8 46 39 19 47 30 1 15 38 28 50 26 
30 21 1 22 13 40 35 47 50 18 35 49 11 49 34 26 17 24 21 31 10 41 0 13 28 34 45 41 15 19 4 13 20 11 0 35 31 50 12 
50 13 20 32 50 23 19 23 6 43 18 48 46 43 10 50 50 10 19 19 2 26 44 31 1 50 43 14 11 50 3 33 24 22 12 12 30 35 
29 22 10 10 15 1 27 15 12 50 30 23 50 45 30 50 13 50 10 5 37 44 1 42 39 18 27 17 2 20 27 50 43 50 31 28 15 
50 45 20 49 7 14 48 23 4 24 26 36 16 47 48 45 50 43 11 5 37 47 37 25 49 39 1 32 50 47 27 12 19 42 48 14 
37 35 25 21 20 11 13 9 11 8 24 0 13 26 41 5 18 27 32 8 19 20 42 49 1 40 18 11 50 43 6 45 50 3 34 
19 49 13 50 9 8 18 36 50 43 19 50 23 37 4 12 17 5 29 2 14 47 8 5 24 5 47 21 37 6 40 11 21 31 
35 15 43 50 10 19 46 50 29 12 35 42 46 22 43 16 50 13 8 4 49 46 50 6 25 50 9 31 35 50 5 50 27 
50 48 40 50 16 23 33 24 18 15 36 36 50 4 37 37 43 8 36 37 20 26 20 7 7 21 38 33 27 1 27 40 
50 3 4 6 3 16 37 40 2 35 42 9 29 3 50 18 27 2 50 34 15 24 33 2 50 35 40 31 13 48 39 
50 27 11 50 35 45 50 6 32 50 46 50 18 49 39 50 28 24 50 50 50 50 22 50 4 50 24 9 45 46 
22 9 46 15 17 3 18 50 35 50 50 16 50 13 14 50 0 50 50 50 50 0 13 50 8 24 50 6 48 
11 50 32 2 37 0 10 50 28 37 43 28 50 50 16 50 46 50 17 40 35 22 50 22 31 50 18 1 
50 50 47 10 38 50 50 50 50 38 31 49 11 50 7 26 50 42 41 3 50 3 5 50 12 50 19 
42 50 50 3 42 50 50 18 13 21 32 50 13 34 50 50 48 7 0 45 31 26 49 27 16 28 
12 35 25 21 50 42 50 7 50 24 36 36 27 50 36 41 25 25 12 41 31 31 21 50 4 
50 40 31 36 7 50 49 33 47 37 50 47 50 39 50 47 9 50 0 50 50 29 1 50 
48 1 50 38 14 50 3 48 50 16 34 9 29 50 50 0 7 16 50 50 1 50 21 
5 5 43 16 20 50 35 50 41 48 50 30 46 50 46 37 50 18 25 50 12 50 
26 50 42 32 50 13 50 50 17 37 31 41 10 22 2 41 35 4 50 13 50 
5 27 31 50 39 50 30 17 32 35 43 44 50 50 24 50 17 16 36 1 
2 2 29 5 50 11 31 50 50 44 45 50 33 48 9 29 50 50 50 
50 0 50 50 50 50 18 40 50 6 50 25 13 7 50 12 50 17 
12 50 8 50 3 50 50 4 17 50 2 24 50 46 28 27 43 
7 22 13 32 3 30 25 50 50 45 50 10 50 50 21 24 
50 50 50 50 13 23 50 47 45 50 45 0 13 15 50 
49 20 34 9 50 50 39 50 50 50 50 15 48 3 
17 50 12 33 50 50 43 50 23 25 35 3 46 
50 25 50 46 46 50 11 2 37 0 50 18 
19 50 50 41 29 34 21 42 50 24 7 
44 2 33 24 8 38 7 50 50 50 
40 8 50 50 26 11 49 34 49 
50 50 22 50 25 50 24 18 
0 50 50 50 2 50 50 
19 50 33 0 17 50 
3 1 20 1 19 
38 31 2 50 
37 12 2 
44 50 
50 

