50 25
7 9 24 25 9 25 25 25 11 7 18 18 10 25 18 4 18 5 16 25 19 25 25 25 18 13 20 12 13 21 21 25 25 18 15 18 25 25 25 20 24 20 25 25 18 25 17 25 23 
25 5 25 14 3 25 3 25 25 23 25 25 11 7 25 10 22 0 25 25 25 9 6 25 17 25 25 7 9 17 25 11 11 8 25 25 3 25 2 11 10 9 13 12 22 25 25 25 
25 6 9 2 12 21 25 16 5 19 2 25 15 1 24 19 13 10 22 20 25 25 10 21 2 25 0 7 13 25 7 19 25 25 24 25 13 25 4 25 25 25 25 14 10 25 25 
2 9 17 14 7 3 8 16 20 5 25 8 3 25 24 5 25 25 15 25 25 25 20 15 12 19 25 25 25 13 17 0 12 13 13 10 25 19 25 25 25 10 7 10 25 25 
25 6 25 25 22 5 18 25 25 7 25 3 25 10 12 0 25 3 16 25 9 25 11 25 25 24 25 25 0 12 25 3 25 25 25 2 23 23 6 25 12 22 25 12 25 
25 6 22 25 25 15 25 25 5 25 25 25 10 5 25 16 25 25 25 25 16 25 25 18 25 9 25 18 25 25 25 17 17 25 25 1 25 5 19 12 17 10 25 25 
25 18 11 14 1 25 1 25 23 7 25 25 25 24 13 25 25 10 25 6 25 25 22 16 13 9 6 8 6 25 25 19 18 25 21 25 25 25 25 25 3 15 25 
25 19 8 15 13 2 25 25 2 25 25 4 23 0 0 14 25 5 7 16 25 25 22 25 12 18 11 13 25 1 25 25 25 10 18 25 8 25 8 25 25 25 
2 18 25 5 25 2 25 1 25 25 25 25 11 22 25 25 23 25 25 25 25 1 7 25 25 18 17 25 18 25 9 25 25 1 10 6 25 25 12 25 25 
25 25 25 25 4 25 25 25 25 19 25 16 17 2 15 17 25 2 6 19 25 6 12 2 2 2 25 25 25 15 25 1 2 8 0 25 23 25 23 18 
21 2 25 8 8 13 25 25 25 25 8 25 9 24 23 25 11 25 3 25 5 20 25 25 25 8 6 15 25 25 8 25 25 25 25 5 0 3 25 
25 24 25 25 25 25 25 25 17 25 25 25 12 10 25 25 25 25 25 25 18 25 25 1 19 0 25 25 25 17 25 16 20 8 19 11 25 5 
25 25 1 20 24 25 25 18 25 25 7 6 13 25 19 25 25 8 25 2 16 21 25 20 25 19 25 25 25 25 25 15 20 1 2 25 1 
25 0 25 10 20 21 14 7 10 11 25 25 25 25 1 25 25 0 25 6 25 5 6 25 25 8 25 21 3 4 9 25 25 6 15 23 
25 25 25 8 25 9 25 6 25 10 25 7 19 25 25 22 25 15 16 25 24 20 3 25 25 13 25 25 12 25 5 25 25 8 15 
25 25 0 25 25 7 25 25 25 25 13 3 25 25 25 25 25 5 25 25 13 25 25 25 5 25 16 14 6 18 25 3 16 18 
25 4 5 3 11 22 25 25 2 25 24 0 25 25 25 15 25 15 25 25 25 25 13 24 25 24 1 25 25 3 7 25 18 
25 25 0 25 5 11 7 25 5 25 3 25 22 20 22 19 13 6 10 25 17 25 25 9 1 2 25 25 25 25 25 7 
25 20 10 25 25 25 25 25 25 11 20 25 25 25 13 25 8 25 15 25 25 25 25 17 7 5 25 25 11 10 4 
2 25 22 23 25 14 16 20 3 25 25 17 25 25 25 25 8 25 25 13 25 24 14 25 12 25 0 25 25 21 
25 25 11 21 17 25 2 25 25 13 25 2 25 25 4 21 25 13 7 24 25 1 25 25 25 5 25 25 25 
25 25 25 25 25 25 18 7 25 25 15 2 7 16 7 17 25 25 25 22 22 19 15 12 25 25 6 25 
12 25 25 17 19 18 25 25 25 25 2 25 17 25 25 25 25 25 2 25 11 25 25 25 22 25 25 
25 3 25 25 25 17 25 19 12 25 25 25 25 25 25 2 25 25 14 25 25 25 25 20 25 25 
25 24 14 25 18 17 25 13 25 0 2 25 9 25 0 19 22 25 25 25 4 25 8 25 25 
25 25 25 25 23 25 25 25 7 15 25 11 22 25 1 25 25 25 7 25 17 15 24 25 
10 25 25 18 18 9 15 18 25 25 7 25 8 1 4 25 12 8 13 13 9 5 25 
25 25 1 9 21 25 25 25 24 25 25 24 25 25 15 25 25 25 25 25 25 24 
25 25 3 25 11 25 25 7 17 7 25 17 25 25 17 25 16 25 1 25 11 
19 25 25 25 25 25 9 25 25 0 12 25 25 14 25 25 25 25 19 20 
15 23 25 9 25 25 25 25 25 11 8 3 5 21 14 11 20 25 24 
25 17 5 16 9 3 25 25 25 25 25 25 25 12 25 18 18 25 
25 25 25 25 25 10 25 5 21 25 25 23 24 25 25 25 25 
24 25 16 23 25 25 2 9 25 25 25 24 25 6 25 25 
12 25 12 15 25 1 15 25 8 25 1 15 25 25 25 
25 25 25 17 25 22 2 25 25 25 15 25 12 19 
20 9 25 3 25 10 25 1 1 2 25 23 25 
24 25 25 25 7 25 3 13 21 25 22 25 
25 25 25 25 18 4 2 11 14 17 0 
25 25 18 25 25 7 24 25 19 25 
25 25 21 16 3 25 25 11 25 
25 25 15 25 21 25 25 25 
10 25 25 25 6 12 25 
9 25 25 19 25 25 
3 20 25 25 5 
5 25 25 25 
7 25 25 
25 8 
25 

22 19 10 25 25 25 22 25 25 7 21 16 12 25 25 19 16 4 25 6 15 7 25 25 23 6 21 8 5 14 25 25 24 25 21 21 25 24 25 25 16 17 25 25 25 4 12 5 15 
25 4 22 25 8 18 25 10 25 13 19 13 0 10 19 25 25 24 14 25 5 16 10 25 20 20 25 4 25 5 25 25 2 4 12 14 18 25 25 25 12 7 1 13 4 2 2 25 
25 19 5 25 6 25 23 7 25 25 0 8 25 25 24 25 15 25 17 21 25 15 25 25 25 25 25 25 25 16 22 21 25 25 3 25 25 22 25 25 25 10 10 4 25 23 8 
22 25 25 25 25 24 25 14 11 5 25 25 11 25 3 13 20 25 25 15 0 3 25 21 6 17 21 25 9 11 21 21 25 16 25 22 11 25 10 25 19 10 11 4 13 16 
11 24 1 22 7 13 25 17 4 25 8 22 25 17 25 21 25 25 11 15 25 11 23 25 25 14 25 25 25 25 0 25 25 7 25 5 25 25 8 13 6 22 23 19 25 
25 14 19 24 25 25 15 9 6 18 0 16 19 25 6 9 13 25 11 25 4 25 25 15 6 4 6 25 5 25 9 11 25 23 6 25 3 0 25 11 20 25 20 20 
25 25 22 14 25 25 25 25 20 13 16 20 25 13 25 25 17 25 25 14 9 25 3 25 25 22 25 1 0 25 4 10 25 4 25 25 13 25 5 1 25 25 25 
2 19 10 23 25 25 25 7 19 13 1 25 22 18 25 21 25 25 25 25 8 23 25 24 25 25 25 25 6 25 9 25 25 12 24 9 8 14 20 21 19 25 
24 25 5 14 25 25 25 25 25 0 25 8 25 16 25 9 13 25 19 4 25 11 4 25 25 25 21 25 5 17 17 25 24 9 19 25 6 25 16 25 25 
25 24 25 4 13 15 13 25 25 25 2 6 22 20 0 25 25 21 25 13 25 24 20 25 25 25 17 0 15 18 25 25 25 8 5 25 25 25 25 15 
24 8 7 25 25 2 25 2 2 25 10 5 9 5 25 25 22 25 25 23 2 5 10 25 11 25 25 25 11 8 2 25 14 25 4 25 25 20 25 
25 25 25 25 25 25 24 9 2 25 3 18 25 25 14 9 25 25 25 25 25 25 25 23 25 1 13 9 25 25 25 25 25 25 21 25 10 25 
15 15 3 25 10 25 12 1 9 1 1 11 25 7 25 9 25 24 25 1 25 25 23 0 25 25 25 25 25 25 21 12 0 25 16 20 19 
7 23 21 20 21 25 18 25 25 25 25 25 11 23 0 7 0 24 25 0 12 16 14 6 25 25 25 3 5 25 25 15 13 1 7 25 
25 10 4 25 10 1 0 20 21 5 5 11 15 2 25 8 25 25 10 5 8 16 22 17 20 17 23 1 25 23 7 21 5 25 25 
25 19 25 11 3 10 25 6 20 24 6 21 9 25 25 25 20 4 25 3 25 21 14 5 14 19 2 1 25 0 25 25 11 1 
25 11 25 25 4 7 20 25 25 25 11 5 25 25 14 17 13 6 12 25 25 8 17 10 23 3 23 22 15 25 0 25 6 
7 25 25 25 25 3 25 9 8 7 22 25 25 25 25 25 20 25 25 22 21 25 25 11 25 10 25 25 25 3 14 1 
1 25 25 5 24 8 25 25 25 3 25 14 3 10 25 7 25 5 25 16 25 16 13 3 25 25 25 14 25 24 1 
1 25 1 25 5 10 0 25 8 13 25 1 10 25 12 25 16 25 13 25 25 2 25 25 8 10 25 4 14 25 
1 11 25 25 18 12 25 11 9 25 3 11 19 25 1 11 0 25 25 25 11 7 13 5 16 5 23 25 11 
1 25 0 21 0 25 0 8 25 25 25 14 25 25 7 22 25 10 20 18 24 25 24 25 25 20 1 5 
25 2 25 19 25 25 10 6 15 24 25 0 14 20 25 25 15 25 21 25 24 25 25 25 25 25 25 
21 10 25 24 2 25 25 10 22 6 25 25 25 25 25 16 25 25 14 6 12 25 25 25 23 25 
25 21 25 25 25 25 25 21 25 25 25 11 25 8 25 25 12 25 25 25 16 25 23 25 2 
25 25 25 25 25 15 25 14 25 25 25 25 10 25 25 21 25 25 25 15 25 6 25 25 
25 25 25 25 7 24 25 25 10 25 9 25 20 25 25 25 25 25 10 25 25 14 25 
25 17 8 25 19 25 25 22 25 25 1 5 1 2 25 25 21 25 25 25 25 25 
25 25 3 25 16 25 25 12 25 5 3 25 23 25 25 25 2 25 6 25 25 
25 25 15 25 25 25 13 25 25 25 25 25 22 21 25 25 25 25 4 25 
25 25 25 25 25 25 25 25 25 12 25 25 25 25 19 25 25 8 25 
5 25 25 25 25 22 8 25 25 11 10 19 25 25 14 25 11 25 
6 25 25 25 25 3 15 4 9 25 25 17 25 25 25 25 25 
25 25 25 13 10 25 25 25 3 25 12 18 25 16 7 0 
25 25 25 2 25 25 25 25 25 25 9 17 25 25 25 
16 5 25 25 25 25 25 25 10 25 21 12 25 3 
25 25 11 25 25 9 25 25 25 25 7 25 25 
25 25 25 25 25 7 25 25 25 25 25 3 
25 15 25 25 25 25 6 25 25 25 25 
25 23 25 16 25 25 25 25 17 25 
19 25 25 19 16 23 25 25 25 
25 16 25 25 25 25 25 25 
25 25 25 25 16 25 25 
25 25 25 18 19 25 
25 25 24 25 25 
25 25 25 25 
25 25 25 
25 25 
25 

22 18 24 10 25 4 18 4 22 3 17 0 19 2 3 6 25 20 2 7 0 15 6 25 4 25 8 19 25 3 17 15 9 25 25 23 17 21 25 18 12 20 17 6 13 18 20 4 15 
18 24 2 24 9 25 6 21 22 9 7 21 19 19 1 3 23 16 3 10 25 19 21 25 13 10 25 25 8 20 9 25 20 8 15 19 2 1 8 8 5 21 25 8 20 6 7 7 
0 12 17 10 2 8 16 6 24 20 15 17 17 21 19 21 12 16 9 0 10 11 7 13 14 3 25 25 14 16 12 5 22 25 22 4 19 1 8 3 9 12 25 1 20 25 18 
14 16 21 22 24 9 25 25 7 25 21 23 12 8 20 19 6 25 10 6 13 10 11 8 24 12 25 2 2 22 25 0 3 11 16 15 6 9 9 12 10 20 15 2 19 14 
25 25 11 25 25 19 3 3 12 21 12 17 18 2 21 19 16 3 24 15 17 15 15 15 23 25 10 22 16 22 19 2 11 4 24 13 0 12 5 1 25 9 2 2 3 
25 1 4 24 9 5 25 17 11 10 1 3 17 25 22 10 8 2 11 4 14 5 24 8 11 18 5 12 19 14 11 1 25 25 13 1 16 3 25 17 25 18 16 11 
25 0 23 5 14 20 15 25 21 3 25 25 3 2 23 4 12 21 10 12 14 16 3 25 15 0 18 25 19 5 10 25 6 11 2 5 25 25 19 25 9 9 3 
6 18 24 17 13 20 2 9 8 4 1 19 13 13 3 2 25 22 14 11 13 0 0 4 14 9 5 13 7 3 22 1 9 25 20 20 18 20 25 3 24 3 
6 14 12 25 0 1 4 25 6 15 3 7 11 20 8 15 18 16 25 10 11 25 25 19 24 6 22 8 21 9 17 20 11 25 25 16 1 11 23 19 25 
8 25 15 25 5 2 20 7 4 14 19 16 4 25 8 25 12 4 17 8 16 18 2 21 2 15 0 7 1 25 25 25 6 25 20 5 7 16 13 25 
23 15 9 24 12 25 17 16 3 7 17 9 8 24 16 14 4 6 9 12 4 9 6 13 17 2 19 6 4 13 14 4 5 2 12 24 18 20 10 
7 21 9 24 2 25 7 8 11 24 11 4 4 3 22 12 4 1 6 16 12 23 1 16 25 22 25 7 5 16 20 25 2 22 2 5 6 12 
6 4 3 3 13 11 4 25 6 25 12 12 11 20 25 24 0 13 2 8 13 20 25 10 5 14 11 25 25 12 16 13 15 14 12 13 23 
7 8 17 10 3 3 23 22 6 11 2 23 10 19 5 14 25 7 13 25 4 3 24 5 20 13 5 13 21 22 21 2 4 2 24 16 
15 25 16 25 2 13 13 0 19 9 19 1 21 22 23 1 23 21 10 2 25 2 11 10 3 19 1 23 10 1 23 4 9 25 20 
25 11 6 22 3 7 0 7 9 17 25 12 7 11 25 25 0 13 20 4 2 11 25 2 25 10 2 16 25 0 7 0 11 6 
25 19 12 25 19 25 9 21 25 25 6 8 21 23 10 16 20 24 3 20 8 19 21 22 1 1 17 25 25 25 25 25 25 
25 25 25 25 25 3 25 25 25 25 25 25 25 25 25 25 25 25 25 25 25 25 25 25 25 25 25 25 7 25 25 25 
25 25 25 25 25 25 25 25 25 25 25 25 25 25 25 25 25 25 25 25 25 25 25 23 25 25 25 25 25 25 25 
25 25 25 25 25 25 25 4 25 25 25 25 25 25 25 25 25 25 25 25 25 25 25 25 25 25 25 25 25 25 
25 25 25 25 25 25 25 25 25 25 10 25 25 25 25 25 25 25 25 25 25 15 25 25 25 25 25 25 25 
25 25 25 25 25 25 25 25 25 25 25 25 25 25 25 25 25 25 25 25 25 25 25 25 25 25 25 25 
25 25 25 25 25 25 25 25 25 25 25 25 11 25 25 25 25 25 25 25 25 25 25 25 25 25 25 
25 12 25 25 25 25 25 25 25 25 25 25 25 25 25 25 25 25 25 25 25 25 25 25 25 25 
25 23 25 25 25 25 25 25 25 25 25 25 25 25 25 25 7 25 25 25 25 25 25 25 25 
25 25 25 25 25 25 25 25 25 25 25 25 25 25 25 25 25 25 25 25 25 25 25 25 
25 25 25 25 25 25 25 25 25 25 25 25 25 25 25 25 25 25 25 25 25 25 25 
25 25 25 25 25 25 22 25 25 25 25 25 25 25 25 25 25 25 25 25 25 25 
25 25 10 25 25 25 25 25 25 25 25 12 25 25 25 25 25 25 25 25 25 
25 25 25 25 25 25 3 25 25 25 25 25 25 25 25 25 25 25 25 25 
25 25 25 25 25 25 25 25 25 25 25 25 25 25 25 25 25 25 25 
25 25 25 25 25 25 25 25 25 25 25 25 25 25 25 25 25 25 
25 25 25 25 25 25 25 25 25 25 25 25 25 25 25 25 25 
4 25 25 25 25 25 25 25 25 25 25 25 1 25 25 25 
25 25 25 25 25 25 25 25 25 25 25 25 25 24 25 
25 25 25 25 25 25 25 25 25 25 25 25 25 25 
25 25 25 25 25 25 25 25 25 25 25 25 25 
25 25 25 25 25 25 25 25 25 25 25 25 
25 7 25 25 25 25 25 25 25 25 25 
25 25 25 7 25 25 25 25 25 25 
25 25 25 25 25 25 25 25 25 
25 25 25 25 25 25 25 25 
25 25 25 25 25 25 25 
25 25 25 25 25 25 
25 25 25 25 25 
25 25 25 25 
25 25 25 
25 25 
25 

9 22 4 0 1 1 2 12 6 19 25 25 8 23 23 1 16 19 6 25 1 12 3 5 25 23 25 13 25 25 25 0 24 11 25 12 25 10 12 13 25 22 0 1 21 25 1 9 25 
14 19 3 13 22 9 1 23 21 25 19 25 21 24 22 25 16 1 10 10 20 3 6 20 19 19 24 23 25 25 18 1 15 8 25 1 4 14 25 14 17 9 5 25 17 12 15 8 
11 1 4 25 10 24 3 11 16 3 25 8 20 21 10 12 20 23 17 25 2 2 13 15 12 12 25 4 23 15 8 12 3 15 23 11 20 16 23 12 9 18 11 2 13 3 4 
19 17 25 22 18 22 5 7 5 11 12 9 25 8 18 5 4 0 25 25 19 25 20 21 21 10 19 24 25 11 15 18 19 16 7 8 25 17 20 13 1 0 0 16 17 1 
25 2 18 8 20 2 15 25 21 7 3 25 12 22 12 10 25 23 0 15 16 4 2 21 12 6 25 13 6 21 14 24 6 17 23 11 15 6 9 15 9 17 1 1 25 
16 16 21 9 12 14 22 16 17 14 17 25 0 19 11 7 11 8 4 17 11 20 16 1 19 0 2 5 9 2 25 6 17 15 23 9 25 23 1 1 9 8 2 21 
6 12 2 20 20 14 6 12 22 17 8 12 15 21 15 5 6 25 8 10 0 25 22 4 15 23 11 20 21 7 18 18 3 23 21 16 4 22 25 13 22 9 20 
25 11 13 9 9 25 10 22 7 3 25 25 25 6 24 25 25 3 10 0 3 10 1 0 6 22 5 5 11 9 25 21 24 9 22 25 4 10 9 7 25 11 
1 19 5 24 9 23 25 25 3 20 22 25 25 25 25 17 1 21 10 12 25 7 11 8 12 2 6 5 25 11 25 22 25 2 24 25 25 25 4 8 2 
24 17 2 0 20 17 14 22 21 5 1 13 16 22 23 25 25 13 12 14 9 4 22 9 25 25 19 25 8 4 13 16 25 14 9 24 21 20 24 4 
4 15 3 10 22 7 20 11 18 10 25 14 9 0 25 25 11 13 25 20 2 13 25 23 20 4 25 16 5 0 11 14 1 2 9 6 6 20 15 
15 16 25 11 11 25 25 10 1 21 6 22 20 10 0 0 12 14 19 8 3 25 8 25 23 8 13 6 2 24 23 10 25 23 10 4 4 24 
25 25 25 19 14 25 25 9 25 24 7 20 17 18 11 25 19 24 12 0 6 1 25 22 6 18 23 23 16 19 9 1 6 7 11 17 23 
2 16 9 17 10 25 11 2 11 8 5 24 25 20 25 25 1 25 17 24 13 4 21 6 3 14 3 25 9 23 2 1 21 13 25 25 
16 1 15 25 13 25 2 14 25 25 5 16 6 18 21 16 24 25 14 17 25 12 6 17 5 16 6 2 9 9 18 19 5 2 17 
15 10 10 19 6 25 6 14 16 7 15 25 15 22 11 15 25 23 2 13 3 15 10 23 4 0 15 18 1 1 24 22 4 14 
21 2 2 15 25 15 12 25 1 25 12 10 7 7 22 24 0 8 25 0 17 19 8 19 3 2 18 17 20 17 24 3 0 
14 18 2 20 22 19 8 25 25 25 25 25 25 25 25 25 25 25 25 25 25 25 25 25 25 1 25 25 25 25 25 25 
25 25 25 25 25 25 25 25 25 25 25 25 25 25 25 25 25 25 25 25 0 25 25 25 25 25 25 25 25 25 25 
25 25 25 25 25 25 25 25 25 25 25 25 25 25 25 25 25 25 25 25 25 25 25 25 25 4 25 25 25 25 
6 25 25 25 25 25 25 12 25 25 25 25 25 25 25 25 25 25 25 25 25 25 25 25 25 25 25 25 25 
25 25 25 25 25 25 25 25 25 25 25 25 25 25 25 25 25 25 25 25 25 25 25 25 3 25 25 25 
25 25 25 25 25 25 25 25 25 25 25 25 25 25 21 25 25 25 25 25 25 25 25 25 25 22 25 
25 25 25 25 25 25 25 25 4 25 25 25 25 25 25 25 25 25 25 25 25 25 25 25 25 25 
25 25 25 25 25 25 25 25 25 25 25 25 25 25 25 25 25 25 25 25 25 25 25 22 25 
25 25 25 25 25 25 25 25 25 25 16 25 25 25 25 25 25 25 25 25 25 25 25 4 
25 25 25 25 25 25 25 25 25 25 25 25 25 25 25 25 25 25 25 25 25 25 25 
25 25 19 25 25 25 25 25 25 25 25 25 25 25 25 25 25 25 25 25 25 25 
25 25 25 1 25 25 25 25 25 25 25 25 25 25 25 25 25 25 25 25 25 
25 25 25 25 25 16 25 25 25 25 25 25 25 25 25 25 25 25 25 25 
25 25 25 25 25 25 25 25 25 25 25 25 25 25 25 25 25 25 25 
23 25 25 25 25 25 25 25 25 25 25 25 25 25 25 25 25 25 
25 25 25 25 25 25 25 25 25 25 25 25 25 25 25 25 25 
25 25 25 25 25 25 25 25 25 9 25 25 25 25 25 25 
25 25 25 25 25 25 25 25 25 25 25 16 25 25 25 
25 25 25 0 25 25 25 25 25 25 25 25 25 25 
25 25 25 25 25 14 25 25 25 25 25 25 25 
25 25 25 25 25 25 25 25 25 25 25 25 
25 25 25 25 25 25 25 25 25 25 25 
25 25 25 25 25 25 25 25 25 25 
25 25 25 25 25 17 25 25 25 
25 25 25 9 25 25 25 25 
25 25 25 25 25 25 25 
25 25 25 25 25 25 
25 25 25 25 25 
25 25 25 25 
25 25 25 
25 25 
25 

10 18 14 24 25 21 10 25 1 4 25 22 23 25 25 25 25 11 7 14 4 13 25 13 25 9 3 20 25 25 19 21 25 21 25 25 25 25 13 25 25 25 25 21 5 3 18 4 12 
15 25 10 24 9 24 13 21 25 3 12 15 25 3 25 9 25 25 25 7 12 17 8 25 19 25 25 4 25 25 9 25 19 0 1 13 0 6 25 4 25 14 18 25 19 4 18 25 
16 25 0 22 25 25 7 25 25 17 14 25 0 25 15 12 25 13 5 25 5 6 14 1 15 15 25 6 11 25 2 19 18 25 14 10 6 15 2 25 25 22 21 25 20 25 25 
0 22 25 25 19 19 3 25 24 7 25 13 6 3 25 25 25 25 25 6 25 8 16 25 25 25 15 14 0 25 22 25 7 25 25 16 17 2 25 19 25 19 25 25 20 25 
25 14 25 25 12 10 24 25 0 20 22 25 7 6 25 5 9 20 5 25 15 25 23 8 11 11 25 25 25 19 25 3 10 25 20 5 0 14 25 14 23 24 16 25 25 
15 18 12 13 25 3 5 25 25 3 8 7 9 25 2 25 25 15 23 6 25 15 25 25 19 25 25 24 25 5 25 18 10 25 17 21 3 7 25 25 10 25 18 8 
21 25 9 25 25 16 1 0 19 25 0 5 20 25 25 2 10 19 9 17 4 23 8 25 25 3 25 14 25 22 11 25 1 25 25 20 22 25 25 11 20 12 21 
0 25 13 20 20 5 25 25 7 25 16 22 25 25 25 25 25 25 25 9 25 25 0 10 25 19 25 23 25 25 25 25 3 24 25 20 25 17 11 25 20 0 
9 11 23 25 25 25 25 25 25 25 22 25 2 6 25 25 25 6 25 25 16 25 25 25 25 25 25 25 20 8 25 6 25 25 25 25 6 13 6 25 25 
25 9 25 25 2 6 25 25 25 25 25 20 25 2 21 21 11 25 25 25 25 5 10 1 25 25 25 25 25 25 14 0 25 25 25 3 25 25 25 14 
3 25 25 2 25 25 9 25 21 25 17 25 24 25 25 25 4 8 25 25 15 10 25 2 5 12 25 25 25 25 25 6 25 25 25 15 25 25 25 
25 1 11 25 6 25 9 25 25 17 25 25 24 25 25 25 9 5 25 4 2 25 16 13 25 17 3 9 17 25 10 17 25 25 0 25 23 25 
25 25 25 25 25 11 16 17 25 8 17 25 16 0 25 13 9 25 25 1 2 25 25 4 15 25 25 20 25 20 25 2 25 17 6 25 25 
25 25 2 20 15 25 25 14 5 25 25 24 19 25 25 8 25 12 25 25 3 25 20 25 18 25 6 25 1 25 8 14 13 25 25 25 
25 25 21 14 15 25 25 25 22 25 4 16 18 25 14 25 0 25 2 11 16 21 25 25 12 21 13 25 25 19 25 25 25 25 25 
25 25 25 25 25 0 8 1 25 24 13 25 21 25 25 18 25 25 25 9 16 7 12 25 11 25 5 25 25 25 5 13 25 16 
25 25 6 11 12 25 2 25 13 11 25 25 17 25 18 17 24 6 19 12 25 0 25 9 25 25 24 6 25 25 25 16 25 
25 25 3 25 9 6 25 25 8 25 25 25 4 3 25 25 20 25 25 18 24 0 25 25 11 14 23 15 4 23 25 4 
25 23 25 25 9 25 4 25 21 13 25 25 25 25 25 25 25 3 22 25 0 25 25 21 3 12 25 25 19 18 25 
0 25 25 25 25 25 25 18 7 23 18 9 11 25 25 11 25 25 7 3 25 19 14 4 21 25 25 19 25 25 
25 23 5 14 25 0 25 1 25 25 25 25 24 10 25 25 25 6 12 25 25 25 25 17 25 19 1 3 25 
15 12 25 25 25 18 2 15 25 25 11 13 19 25 25 2 25 25 25 21 9 25 25 18 8 25 3 25 
9 25 24 25 17 15 5 7 25 13 25 25 25 19 24 13 25 25 25 25 25 17 1 10 19 25 25 
20 25 22 25 25 12 13 25 10 25 6 5 25 25 25 3 25 25 8 10 19 11 0 7 25 3 
25 4 25 11 2 25 0 6 20 7 25 25 25 25 25 25 23 25 25 6 22 19 25 25 25 
25 25 25 25 25 13 14 13 20 25 17 25 25 17 25 17 25 24 25 25 25 13 17 25 
25 25 25 25 25 25 0 25 11 25 6 25 25 22 25 25 25 25 8 23 25 25 25 
3 7 25 15 19 25 2 25 25 25 25 25 24 25 23 24 10 17 1 1 25 24 
3 25 25 25 17 0 25 24 25 25 18 25 25 2 24 3 1 20 25 25 17 
17 25 6 1 25 20 25 20 25 25 25 25 25 25 25 25 2 25 6 25 
25 25 5 25 25 25 18 25 25 25 25 9 25 15 25 7 25 25 25 
4 25 3 25 25 25 7 25 25 25 25 25 25 12 21 25 25 7 
25 25 25 1 25 25 25 14 25 25 16 16 25 24 25 7 25 
1 25 21 16 9 9 25 25 6 25 25 25 25 6 25 0 
15 2 18 25 4 25 1 25 3 9 25 10 22 25 13 
25 25 11 9 25 15 14 25 10 20 2 0 25 3 
25 1 25 3 25 25 25 12 18 0 20 18 25 
5 25 25 25 25 13 25 19 25 25 25 25 
25 7 25 18 11 25 25 2 25 4 3 
25 9 25 23 25 25 16 9 25 18 
18 7 25 25 25 9 3 25 25 
23 24 0 0 25 25 19 25 
25 4 25 25 6 11 25 
25 4 25 25 23 7 
3 25 14 25 22 
25 25 20 25 
25 25 25 
25 25 
7 

21 16 17 25 25 3 25 6 25 25 19 25 0 20 25 7 24 8 25 11 12 23 10 3 25 24 25 16 12 25 25 14 25 25 6 25 25 10 23 1 25 25 25 25 2 13 22 25 25 
25 1 0 25 25 25 5 18 25 10 25 10 25 21 25 8 25 23 2 18 17 25 25 25 25 25 1 21 25 1 25 11 25 25 10 25 25 25 4 25 14 10 25 25 25 17 25 10 
19 11 21 25 3 25 25 24 25 25 0 25 25 25 7 7 25 25 25 25 13 25 25 25 25 25 25 25 10 19 25 25 15 14 25 2 3 16 12 8 12 25 16 0 8 12 17 
25 7 18 23 25 21 25 25 10 25 25 25 25 25 24 23 1 21 25 22 25 16 9 12 0 16 13 13 4 17 25 24 8 8 12 21 1 6 7 24 25 5 25 25 25 21 
25 25 20 25 25 25 25 25 13 1 3 17 17 25 25 25 12 25 19 7 25 12 5 0 25 25 3 5 8 5 15 25 13 1 13 14 25 14 17 14 12 25 14 3 25 
25 24 0 25 25 11 7 22 17 25 1 18 25 25 25 25 25 25 17 19 25 5 2 24 25 23 25 1 21 16 14 4 25 25 25 6 25 2 10 25 25 25 25 21 
11 25 16 4 25 2 18 25 13 12 16 13 25 22 3 11 25 1 25 3 4 25 7 25 25 24 18 25 25 25 4 25 25 25 23 10 25 25 25 17 25 15 20 
25 13 8 25 25 23 17 25 25 15 22 18 25 7 17 22 21 25 20 4 25 25 12 11 0 25 25 25 10 3 25 25 18 25 0 22 3 6 4 20 25 25 
5 9 25 23 6 12 2 11 21 24 2 19 25 16 15 25 18 25 9 25 1 17 24 10 24 25 25 18 14 19 5 17 25 25 10 25 14 25 25 25 25 
21 8 8 25 5 7 21 24 11 25 15 25 2 4 21 15 8 25 10 25 17 16 2 10 25 0 21 0 7 25 9 7 22 25 16 15 8 14 20 16 
12 15 25 25 17 10 8 25 19 25 23 25 25 25 13 10 14 5 10 12 25 1 25 25 25 15 11 22 25 25 25 25 13 11 11 25 25 25 21 
25 25 25 13 2 25 25 5 25 25 21 25 10 0 1 25 23 14 18 24 25 19 25 25 25 0 9 15 15 9 0 25 25 25 25 25 3 4 
25 24 15 9 3 25 25 11 14 6 25 25 25 4 25 22 10 14 25 25 16 23 25 6 25 25 1 25 25 25 3 25 25 25 3 25 25 
25 25 25 15 18 25 14 18 25 1 25 25 9 17 25 25 25 25 3 16 6 19 25 17 25 25 25 22 25 21 9 25 25 20 24 25 
25 25 25 25 23 17 5 25 16 17 7 11 25 14 25 25 25 24 23 25 23 25 25 13 25 25 25 25 25 25 17 25 12 25 2 
15 2 0 25 25 25 25 25 25 25 25 25 25 25 23 1 25 4 8 12 25 25 25 18 25 13 25 25 9 25 23 25 10 25 
25 13 16 25 4 25 25 25 25 20 25 23 5 25 25 25 25 25 25 25 25 23 25 0 15 22 25 5 25 25 25 25 22 
25 25 25 8 25 14 21 18 16 25 25 25 0 10 3 25 3 25 25 7 25 14 25 25 25 19 25 25 1 8 19 11 
25 20 15 25 25 5 25 25 25 25 25 25 25 25 16 25 18 7 25 25 7 25 17 25 25 25 16 25 21 12 25 
25 7 8 25 25 22 25 25 5 5 25 0 25 18 20 24 25 25 9 25 16 12 25 25 25 9 25 25 13 22 
16 25 4 12 17 14 25 25 15 23 2 4 23 25 23 25 22 25 25 6 25 25 14 25 19 25 25 25 8 
25 25 25 25 16 7 25 25 16 25 25 25 14 16 25 8 25 25 25 8 10 13 0 25 22 8 25 25 
25 25 25 23 25 25 25 25 6 25 25 9 25 25 15 25 0 25 25 11 16 25 25 3 25 0 13 
13 25 7 25 13 6 25 25 1 21 17 25 15 23 23 25 25 11 18 4 25 21 23 11 25 15 
25 5 25 25 25 24 3 2 25 25 25 25 8 14 25 25 18 25 19 25 25 21 22 25 25 
25 25 25 25 19 5 22 21 7 1 25 25 11 25 25 25 25 25 25 25 25 22 25 17 
15 25 25 25 25 25 2 25 23 24 25 2 3 25 22 25 25 18 25 25 15 25 12 
0 18 25 25 17 25 25 25 25 9 25 25 25 25 25 25 8 17 25 12 0 7 
23 25 3 11 22 25 25 0 25 5 25 25 25 9 14 25 2 13 9 25 25 
25 17 25 25 25 25 25 14 25 22 25 25 25 25 23 3 14 20 25 25 
23 25 22 25 8 25 0 25 5 8 7 25 17 25 25 25 8 25 25 
13 13 21 8 22 25 8 9 25 25 25 25 25 25 10 2 7 12 
18 8 25 25 25 25 25 25 11 12 6 20 19 25 10 22 25 
25 25 10 25 15 25 25 25 25 25 6 8 0 25 17 19 
25 25 16 25 25 0 13 2 25 25 25 25 16 17 4 
25 20 25 25 21 18 25 8 25 25 25 10 25 25 
25 18 18 25 25 25 25 25 25 25 25 25 2 
16 25 25 25 25 8 25 4 25 24 20 19 
25 25 19 17 25 2 2 13 8 25 25 
25 25 25 25 25 25 25 12 25 1 
18 25 3 10 20 0 25 25 25 
11 7 25 25 25 24 6 25 
25 25 25 25 25 23 18 
0 12 0 25 22 25 
25 2 25 25 25 
14 25 25 25 
25 25 25 
25 7 
25 

5 24 6 3 25 8 25 19 24 14 13 19 25 7 25 5 9 25 25 25 20 25 11 25 11 23 13 12 12 9 25 20 23 25 24 25 6 25 25 1 17 8 25 4 19 25 25 9 7 
25 3 24 25 5 21 0 12 3 25 3 7 5 8 9 6 1 13 15 25 21 6 25 25 11 0 25 8 25 2 25 25 0 17 2 5 0 10 13 0 5 25 20 13 22 18 25 15 
25 3 18 25 25 21 25 25 3 19 25 2 25 5 20 1 11 14 24 22 25 25 1 21 25 8 6 25 5 0 17 25 4 25 22 1 1 8 20 25 25 17 25 2 25 9 4 
5 25 25 25 21 7 12 1 13 25 21 25 19 17 11 10 24 25 1 14 18 17 25 8 19 25 25 17 2 11 2 8 11 22 24 25 5 4 21 25 6 17 8 22 25 25 
14 18 0 17 18 7 25 14 25 3 25 15 1 17 25 14 8 25 20 25 25 25 25 25 4 25 16 25 0 23 0 10 6 25 22 4 18 25 8 22 25 13 14 16 25 
25 18 25 13 8 0 20 11 25 8 25 2 19 25 25 1 8 2 13 3 16 25 25 25 1 25 15 25 25 25 25 6 25 10 25 25 10 25 11 25 21 25 25 4 
15 25 16 0 25 14 16 25 1 25 23 4 22 25 16 4 25 7 25 9 3 25 7 5 16 25 19 0 25 20 10 18 25 0 21 25 25 24 20 25 7 22 25 
17 11 20 14 21 25 25 17 14 25 20 22 7 19 12 25 25 25 25 20 18 25 16 25 25 25 4 5 0 21 25 13 25 25 3 25 15 21 25 25 11 12 
13 25 2 1 25 23 10 23 25 25 7 19 19 7 23 3 11 2 12 25 8 0 21 25 1 0 25 2 25 1 25 25 25 19 25 18 9 9 25 25 7 
25 25 8 9 25 25 17 22 25 22 14 15 25 25 13 19 25 5 18 25 25 18 19 25 25 4 0 25 25 8 25 11 20 25 15 18 25 23 7 16 
25 2 6 3 25 25 9 21 0 11 25 18 5 22 1 12 19 11 4 9 19 23 13 22 4 5 25 7 5 19 5 25 21 14 25 25 17 5 7 
14 6 25 25 20 25 17 25 18 25 21 16 9 25 10 3 11 25 24 25 25 1 18 9 25 13 0 25 4 25 25 25 16 25 1 15 25 25 
14 3 25 23 25 25 3 9 19 4 5 25 25 25 10 7 25 25 16 25 4 25 3 25 14 21 10 25 25 19 9 21 18 23 5 12 24 
6 10 14 15 3 25 25 25 25 18 25 25 25 5 20 14 3 23 25 15 6 11 17 25 16 24 25 25 2 10 25 25 25 25 25 25 
25 25 16 25 4 18 11 7 25 25 22 1 25 17 11 25 21 22 19 7 0 4 9 23 25 7 0 20 5 25 14 6 9 0 14 
19 20 0 24 25 7 15 12 6 20 10 21 22 20 7 13 0 25 2 25 2 25 24 25 19 14 10 10 22 25 8 25 1 1 
11 22 18 8 14 3 25 25 17 25 25 12 13 20 25 21 14 25 25 9 25 3 25 22 25 25 18 2 25 21 25 18 23 
25 25 17 25 25 23 25 25 1 18 25 25 11 24 25 4 25 2 25 14 25 9 0 25 1 25 16 25 25 11 25 25 
12 18 1 12 25 23 4 15 21 6 25 18 25 12 4 7 3 20 25 17 25 25 25 25 18 0 25 21 25 25 12 
3 10 25 25 1 25 25 3 15 25 15 15 3 24 11 14 10 25 3 25 5 18 20 25 6 25 10 25 10 25 
25 13 25 25 25 10 8 25 22 25 4 13 23 25 1 7 23 25 17 24 25 11 3 6 25 25 11 19 25 
25 25 25 25 10 24 14 16 25 0 25 13 4 17 25 12 2 7 8 21 25 15 2 25 25 5 13 11 
24 25 0 19 25 6 24 17 25 9 8 9 9 25 25 19 17 25 25 4 4 9 7 25 4 8 13 
8 25 25 25 5 25 25 23 20 11 25 7 25 6 6 20 25 25 1 25 25 1 12 25 20 3 
9 18 6 10 17 21 18 25 0 4 25 25 25 12 23 12 22 23 25 6 14 24 25 25 21 
25 25 25 25 17 16 5 25 9 15 23 2 20 23 20 25 25 25 7 25 25 25 25 25 
25 25 25 25 25 25 25 25 25 25 25 25 25 25 25 25 25 25 25 16 25 25 25 
25 25 25 25 25 25 25 25 25 25 25 25 25 25 25 25 25 25 25 25 25 25 
25 25 25 25 25 25 25 25 25 25 25 25 25 25 25 25 25 25 25 18 25 
25 25 25 25 25 25 25 25 25 25 25 25 25 25 25 25 25 25 25 25 
25 25 25 25 25 25 25 25 25 25 25 6 25 25 25 25 25 25 25 
25 25 25 25 25 25 25 25 25 25 25 25 25 25 25 25 25 25 
3 25 25 25 25 25 25 25 25 25 25 25 5 25 25 25 25 
25 25 25 25 25 25 25 25 25 25 25 25 25 25 25 25 
25 25 25 25 25 17 25 25 25 25 25 25 25 25 25 
25 25 25 25 25 25 25 25 25 25 25 25 25 25 
25 25 25 25 25 25 25 25 20 25 25 25 25 
25 25 25 25 25 25 25 25 25 25 25 25 
25 25 16 25 25 25 25 25 25 25 25 
25 25 25 25 25 25 25 25 25 25 
25 25 25 25 25 25 25 25 25 
25 25 25 25 25 25 25 25 
25 25 25 25 25 25 25 
25 25 25 25 25 25 
25 25 25 25 25 
25 25 25 25 
25 25 25 
25 25 
25 

19 15 20 25 25 25 16 25 19 18 25 19 22 17 25 16 11 18 22 6 8 17 10 24 25 25 18 4 0 2 8 17 20 25 25 13 20 25 1 8 25 11 25 25 25 0 14 25 0 
25 25 12 20 25 25 25 4 18 20 13 25 7 11 25 7 0 10 5 14 8 1 6 25 21 11 19 25 9 25 25 25 20 15 25 13 1 10 25 24 2 25 9 15 15 18 9 25 
25 11 25 14 22 13 25 10 20 22 20 10 9 25 7 25 25 0 4 7 25 11 25 25 4 25 11 25 17 15 7 1 25 21 22 25 25 18 14 22 7 25 22 5 18 3 17 
11 16 4 12 8 25 20 2 25 25 5 9 25 7 19 25 6 25 25 25 25 5 15 25 25 12 8 18 0 0 19 10 9 8 25 12 22 23 14 25 25 11 25 8 9 23 
25 9 25 17 3 3 25 8 1 3 18 23 18 25 25 7 12 2 0 25 7 25 25 5 25 17 13 21 19 25 5 5 25 20 8 12 3 18 25 25 25 25 21 2 19 
1 5 24 1 9 17 8 25 22 19 25 9 12 25 8 4 2 5 11 22 4 23 21 25 25 13 19 20 22 3 18 25 22 13 3 7 1 25 2 13 10 25 25 25 
2 25 25 25 25 12 6 4 22 1 0 25 0 24 20 25 21 15 19 9 25 25 25 0 3 22 19 25 4 17 2 18 25 25 13 25 25 25 25 14 17 19 25 
3 12 5 25 25 19 25 25 3 25 25 22 5 23 14 19 25 1 3 1 24 2 14 12 23 6 25 9 5 4 25 8 1 11 25 22 21 25 7 20 24 10 
0 14 16 19 25 14 25 15 25 25 25 16 10 2 19 6 16 0 25 25 22 25 14 25 23 25 25 9 25 25 25 16 24 13 19 15 21 2 20 8 3 
11 24 25 25 10 25 19 21 4 8 20 21 22 5 25 9 25 0 25 1 6 25 7 12 25 13 25 25 4 21 21 25 19 25 25 24 1 25 25 25 
25 25 14 25 25 22 8 10 25 25 6 14 20 8 7 25 25 4 25 21 25 25 25 1 25 25 25 19 5 15 13 12 12 4 25 25 18 23 14 
15 25 6 23 25 22 13 8 25 23 8 0 1 25 20 25 25 14 24 14 6 18 8 25 25 25 25 5 25 9 25 25 12 6 25 15 9 11 
11 9 25 23 25 18 7 4 25 4 8 13 23 8 25 11 5 19 14 25 25 25 10 25 10 25 6 22 25 25 0 25 5 25 11 11 25 
25 22 6 12 17 1 13 25 25 10 3 4 22 25 25 25 25 25 13 25 13 25 25 14 25 25 0 12 25 20 7 25 16 6 25 25 
23 25 10 25 17 16 25 18 25 17 5 3 6 14 4 21 25 16 20 3 12 4 6 25 23 25 25 5 25 25 8 15 25 9 25 
18 14 25 15 21 11 1 25 11 1 19 25 17 1 2 25 25 25 4 25 16 11 18 15 1 8 17 12 4 16 4 12 0 15 
25 25 25 20 5 0 6 3 17 2 25 16 25 6 18 25 22 25 11 22 14 16 1 17 5 25 4 0 14 5 12 25 25 
25 25 25 17 10 15 14 12 19 25 25 18 25 24 25 0 8 12 25 2 8 11 17 0 23 13 25 19 23 25 25 21 
22 16 16 11 20 18 13 14 9 25 25 25 10 25 19 14 10 25 25 25 4 25 25 25 0 25 25 7 6 25 25 
17 8 23 21 2 20 3 11 25 22 25 12 6 6 25 25 25 24 4 4 12 17 10 3 25 1 23 25 25 0 
20 25 25 9 25 15 25 23 25 22 18 13 5 25 7 25 1 24 15 7 25 3 0 1 25 25 22 7 12 
25 17 25 8 9 3 25 1 5 18 14 14 25 2 25 15 5 20 25 25 25 25 12 25 3 4 12 15 
25 21 13 5 23 2 25 12 25 14 25 15 25 11 13 5 21 25 25 10 25 25 25 0 24 6 0 
22 25 18 3 4 13 3 9 22 14 3 18 23 25 12 25 25 21 25 25 13 25 10 21 20 2 
12 25 25 25 25 12 22 25 0 2 25 25 5 25 25 25 25 25 25 25 25 25 25 25 25 
25 25 25 25 25 25 25 25 25 25 25 25 15 25 25 25 25 25 25 25 25 25 25 25 
25 25 25 25 25 25 25 25 25 25 25 25 25 25 25 25 25 25 25 25 25 22 25 
25 25 25 7 25 25 25 25 25 25 10 25 25 25 25 25 25 25 25 25 25 25 
25 25 25 25 25 25 25 25 25 25 25 25 25 25 25 25 25 25 25 25 25 
25 25 25 25 25 25 25 25 25 25 25 25 25 25 25 25 25 25 25 25 
25 25 25 25 25 25 25 25 25 25 25 25 25 25 25 25 25 25 25 
25 25 25 25 25 25 25 25 25 25 22 25 25 25 25 25 25 25 
25 25 25 25 25 25 25 25 25 25 25 25 25 25 25 25 25 
25 25 25 25 25 25 25 25 25 25 25 25 25 25 25 25 
25 25 25 25 25 25 25 25 25 25 25 21 25 25 25 
2 25 25 25 25 25 25 25 25 25 25 25 25 25 
25 25 25 21 25 25 25 25 25 25 25 25 25 
25 25 25 25 25 25 25 25 25 17 25 25 
17 25 25 25 25 25 25 25 25 25 25 
25 25 25 25 25 25 25 25 25 14 
25 25 25 16 25 25 25 25 25 
25 25 25 25 25 25 25 25 
25 25 25 25 25 25 25 
25 25 25 25 25 25 
25 25 25 25 25 
25 25 25 25 
25 25 25 
25 25 
25 

3 25 25 18 20 7 25 18 10 25 25 25 25 25 3 25 14 10 4 13 25 21 12 25 25 10 22 25 25 6 25 17 14 25 25 20 25 25 25 3 18 25 25 25 25 25 13 25 25 
25 12 25 25 25 25 25 25 25 25 25 25 0 15 25 25 4 13 25 17 5 4 16 25 4 25 24 25 25 25 25 2 16 25 25 25 25 25 25 16 15 19 25 25 25 4 3 1 
3 11 25 25 25 25 25 23 4 25 23 25 22 25 9 25 25 23 25 9 3 18 1 4 6 21 25 0 11 25 25 2 17 25 9 11 1 21 9 9 13 18 12 8 25 25 25 
2 25 25 11 25 13 25 25 10 7 10 10 25 25 25 25 16 23 21 25 25 9 25 22 24 25 25 14 7 22 25 25 11 5 4 25 8 25 0 25 14 13 3 21 25 10 
25 7 22 25 25 25 25 25 25 7 1 20 15 20 22 25 25 25 19 24 25 25 25 2 25 7 16 25 4 25 25 20 24 25 25 25 16 25 1 0 4 0 6 25 25 
25 25 25 12 0 25 25 18 20 18 25 25 14 5 25 25 25 20 16 0 25 11 20 25 23 23 17 25 25 8 25 25 25 25 10 7 13 25 6 9 25 25 23 1 
20 9 2 25 19 10 25 4 23 25 2 23 2 25 13 0 18 24 22 25 18 25 9 25 17 19 10 20 25 25 25 19 25 25 25 25 24 24 25 25 24 25 15 
6 25 25 20 20 10 25 25 25 25 2 17 1 1 23 25 18 11 25 25 22 4 13 25 25 1 9 25 6 15 25 25 25 17 0 0 25 25 13 25 25 8 
25 25 25 25 25 0 25 17 18 25 13 25 25 25 25 13 25 3 12 14 25 25 16 25 5 25 25 23 17 2 25 18 10 25 25 25 16 25 25 19 25 
7 25 25 25 25 10 25 25 25 25 8 23 14 25 9 0 25 4 23 25 25 25 25 25 18 5 15 12 25 25 11 25 25 10 4 25 12 25 23 21 
8 1 13 25 25 25 25 9 23 7 15 25 25 25 4 25 4 13 11 22 25 11 25 25 25 25 25 18 25 17 16 25 9 25 24 25 25 25 25 
19 25 25 24 0 18 22 25 12 25 21 4 3 5 9 25 2 3 19 25 25 25 9 25 25 25 25 3 19 17 25 25 25 25 25 13 4 1 
22 18 25 12 25 24 20 25 22 3 25 14 20 5 25 4 25 25 3 25 2 25 25 25 22 25 9 24 25 8 25 8 25 1 14 25 19 
25 25 25 25 25 25 12 25 25 9 24 1 25 16 12 21 1 25 21 2 7 25 25 25 5 1 25 22 25 10 8 25 10 25 10 6 
25 12 10 11 25 7 25 25 14 25 16 25 16 25 25 25 22 2 14 22 5 25 11 25 25 24 25 13 22 25 13 25 11 22 22 
1 20 24 25 25 25 25 3 25 25 10 5 25 9 15 25 25 25 17 19 25 19 16 17 25 21 23 3 25 18 4 25 10 25 
25 25 24 25 11 25 4 4 25 22 25 25 8 25 4 25 21 25 25 4 25 3 25 25 1 25 21 25 24 25 25 25 25 
25 3 14 4 22 7 25 15 25 25 25 25 25 25 12 25 25 25 1 6 25 14 15 1 25 25 13 21 20 16 0 25 
25 21 1 6 25 23 25 10 25 0 22 25 19 20 7 25 5 9 24 5 25 13 3 25 25 23 25 5 25 4 25 
25 25 25 25 25 4 25 25 3 24 20 25 0 24 18 25 25 10 25 25 25 18 22 5 23 25 25 14 8 25 
25 2 17 25 1 25 25 25 0 15 25 25 25 25 25 25 17 5 25 25 15 25 2 25 24 6 8 6 25 
25 4 25 25 25 25 20 25 25 13 1 4 20 25 25 25 11 25 25 21 25 10 25 22 9 25 25 25 
25 25 25 5 25 4 25 25 16 13 25 25 25 23 25 12 21 16 25 25 8 25 23 22 25 6 21 
25 25 25 25 25 11 25 25 25 25 11 25 25 25 2 9 10 13 25 25 25 25 15 6 25 9 
18 25 25 25 25 2 17 23 25 25 16 25 19 25 6 12 8 25 6 2 25 9 25 25 24 
12 16 25 15 25 1 25 12 25 12 25 23 20 7 8 25 17 23 25 25 17 25 25 25 
25 11 25 20 25 15 25 25 25 13 25 25 20 15 25 25 24 3 13 13 25 25 25 
25 5 16 8 25 10 17 25 25 5 13 0 4 25 3 0 0 7 9 25 25 25 
20 5 5 25 7 0 12 15 5 8 25 25 17 8 1 0 19 25 20 8 17 
18 25 25 14 25 21 25 25 17 3 25 25 15 8 14 25 25 13 20 22 
25 25 25 25 25 6 14 25 25 25 25 25 21 25 14 25 25 10 25 
21 25 17 5 11 25 8 17 17 16 25 20 25 25 19 25 8 17 
25 25 25 13 25 25 14 25 2 25 25 24 25 25 21 20 25 
1 14 25 25 25 25 21 23 12 21 12 25 16 25 22 10 
24 19 15 25 2 8 24 12 25 4 25 23 13 18 5 
25 2 23 25 4 8 25 20 3 24 8 14 25 24 
25 1 25 5 22 25 14 25 6 16 25 25 19 
18 25 25 25 25 25 25 25 25 25 25 25 
25 25 25 8 25 25 25 25 25 25 7 
25 25 25 7 25 25 25 25 25 25 
25 15 25 25 25 23 4 23 0 
25 25 25 10 5 25 5 25 
25 25 25 25 13 25 25 
25 25 25 25 25 25 
25 22 25 21 25 
25 6 24 25 
25 9 25 
25 2 
25 

25 6 25 25 25 17 5 25 19 6 14 25 18 22 9 25 25 4 1 25 12 25 16 25 25 25 18 0 25 3 22 25 1 6 11 0 7 25 25 25 19 25 18 25 3 8 1 14 18 
25 25 7 25 25 15 25 19 0 2 17 25 19 25 25 25 25 25 8 18 2 22 15 25 10 14 25 23 9 25 11 25 20 2 22 3 25 12 25 6 21 4 1 16 25 5 13 2 
23 25 7 9 2 25 9 24 4 25 19 15 25 25 25 3 25 23 25 18 24 15 11 12 25 3 0 24 25 18 21 25 25 25 1 21 25 0 8 24 19 14 8 11 23 2 25 
18 25 25 25 25 18 10 4 7 10 16 25 11 14 25 25 21 25 25 5 25 25 20 25 25 11 24 10 14 1 20 25 10 11 25 25 17 15 3 6 25 23 25 19 24 12 
23 16 19 25 25 25 3 4 23 9 25 13 13 25 25 25 0 24 25 25 25 4 25 7 24 25 23 10 25 25 4 16 0 11 25 13 4 17 18 22 6 16 6 4 25 
7 8 20 25 25 25 25 13 25 25 2 7 10 25 12 25 25 9 6 24 12 15 25 1 24 10 14 0 12 25 19 1 25 4 25 25 25 1 25 8 25 0 17 25 
15 12 5 20 19 20 25 8 18 8 23 20 25 25 25 25 8 6 19 25 5 11 19 7 7 8 7 18 8 14 1 25 7 3 9 10 21 25 25 25 19 6 25 
18 25 25 1 18 19 20 7 25 13 9 25 21 16 17 10 25 25 23 7 25 2 7 19 16 9 16 21 10 2 12 14 25 14 12 12 25 25 6 15 21 14 
25 23 0 6 18 25 13 19 9 25 25 25 6 20 25 20 25 0 25 6 25 4 7 25 25 25 25 25 25 25 25 25 14 6 6 25 14 14 12 25 21 
25 1 13 18 25 11 12 25 4 7 8 10 13 8 10 11 25 16 12 3 25 25 25 8 25 4 21 7 4 23 19 25 23 15 25 7 19 14 25 25 
15 10 0 25 6 25 17 23 25 25 17 24 5 24 25 13 8 12 25 15 25 20 0 25 25 17 25 20 7 9 2 6 10 25 25 17 15 25 6 
25 6 10 25 25 11 9 11 3 21 9 25 23 21 5 25 25 5 25 25 1 25 22 25 0 25 21 25 25 25 1 16 25 11 25 6 25 17 
14 25 5 5 7 25 13 7 6 25 15 25 25 22 15 25 6 25 25 2 18 22 25 21 19 25 13 25 1 10 13 25 21 25 15 14 7 
25 22 25 24 3 7 24 11 2 12 25 25 8 23 24 22 25 21 5 2 18 23 18 12 24 19 25 25 25 23 25 6 9 25 24 7 
18 17 25 10 25 25 6 25 5 4 12 0 25 13 25 25 9 25 16 25 9 10 21 24 25 20 9 25 25 21 3 22 25 1 25 
9 24 6 25 4 25 25 18 25 25 9 25 25 25 2 6 8 25 25 25 7 23 4 2 12 2 23 10 18 3 25 25 10 15 
25 7 21 25 5 9 25 25 14 25 17 21 23 11 21 8 25 6 4 2 24 23 25 3 12 25 25 15 17 25 2 25 25 
25 24 25 25 8 11 16 25 9 7 18 18 25 25 18 18 25 4 25 18 10 13 10 25 3 10 19 16 13 25 25 20 
25 25 2 3 1 8 18 25 25 17 21 4 14 25 25 9 13 1 25 17 7 12 16 1 25 17 20 15 6 24 19 
25 13 5 25 17 22 25 3 16 25 23 25 9 24 19 25 14 12 25 25 25 25 11 25 2 25 12 4 22 23 
11 4 23 7 8 1 9 25 17 25 25 8 25 6 7 25 0 25 25 25 25 0 6 25 4 12 25 3 24 
5 25 16 1 18 0 5 25 14 18 21 14 25 25 8 25 23 25 8 20 17 11 25 11 15 25 9 0 
25 25 23 5 19 25 25 25 25 19 15 24 5 25 3 13 25 21 20 1 25 1 2 25 6 25 9 
21 25 25 1 21 25 25 9 6 10 16 25 6 17 25 25 24 3 0 22 15 13 24 13 8 14 
6 17 12 10 25 21 25 3 25 12 18 18 13 25 18 20 12 12 6 25 25 25 25 25 2 
25 25 25 25 25 25 25 25 25 25 25 25 25 25 25 25 25 25 25 25 25 25 25 25 
25 25 25 25 25 25 25 25 25 25 25 25 25 25 25 25 25 8 25 25 25 25 25 
25 25 25 25 25 25 25 25 25 25 25 25 25 25 25 25 25 9 25 25 25 25 
25 25 25 25 25 25 25 25 25 25 25 25 25 25 25 25 25 2 25 25 25 
2 25 15 25 25 25 25 25 25 25 25 22 25 25 25 25 8 25 25 25 
25 25 25 25 25 25 25 25 25 25 25 25 25 25 25 25 25 25 25 
25 25 25 25 25 25 25 25 25 25 25 25 25 25 25 25 25 8 
25 25 25 25 25 25 25 25 25 25 25 25 25 25 25 25 25 
25 11 25 25 25 25 25 25 25 25 25 25 25 25 25 25 
25 25 25 25 25 25 25 25 25 25 22 25 25 25 25 
25 25 25 25 25 25 25 25 25 25 25 25 25 25 
25 25 25 25 25 25 25 25 25 25 25 25 25 
25 12 25 25 23 25 25 25 25 25 25 25 
25 25 25 25 25 25 25 25 25 25 25 
25 25 25 12 25 25 25 25 25 25 
25 25 25 25 25 25 25 25 25 
25 25 25 25 25 25 25 25 
25 25 25 25 25 25 25 
25 25 25 25 25 25 
25 25 25 25 9 
25 25 25 25 
25 25 25 
25 25 
25 

