50 62
17 24 59 62 22 62 62 62 27 19 46 45 25 62 46 11 45 13 41 62 47 62 62 62 47 33 49 31 34 53 52 62 62 46 38 45 62 62 62 50 60 50 62 62 46 62 43 62 57 
62 12 62 37 8 62 7 62 62 58 62 62 29 18 62 26 55 1 62 62 62 24 15 62 43 62 62 17 24 42 62 27 29 21 62 62 9 62 6 27 25 22 34 32 55 62 62 62 
62 16 24 7 31 52 62 41 13 47 5 62 38 3 60 48 34 25 54 51 62 62 26 52 6 62 0 17 33 62 18 48 62 62 59 62 33 62 12 62 62 62 62 36 27 62 62 
5 23 43 36 17 9 20 40 51 13 62 22 9 62 59 13 62 62 38 62 62 62 50 38 30 47 62 62 62 33 42 2 30 34 33 25 62 48 62 62 62 25 18 27 62 62 
62 15 62 62 57 13 46 62 62 19 62 7 62 27 32 1 62 9 40 62 23 62 28 62 62 61 62 62 0 29 62 9 62 62 62 7 58 57 15 62 30 56 62 32 62 
62 17 56 62 62 37 62 62 13 62 62 62 25 14 62 40 62 62 62 62 41 62 62 46 62 24 62 45 62 62 62 44 43 62 62 3 62 14 47 31 43 25 62 62 
62 46 29 35 2 62 3 62 59 17 62 62 62 61 32 62 62 27 62 15 62 62 56 39 32 22 15 21 15 62 62 48 46 62 53 62 62 62 62 62 8 39 62 
62 48 19 39 32 5 62 62 6 62 62 11 59 2 1 35 62 14 18 42 62 62 54 62 30 46 28 33 62 2 62 62 62 26 45 62 21 62 20 62 62 62 
6 46 62 13 62 5 62 3 62 62 62 62 28 54 62 62 58 62 62 62 62 3 18 62 62 45 44 62 46 62 24 62 62 3 27 16 62 62 30 62 62 
62 62 62 62 11 62 62 62 62 48 62 40 42 5 37 42 62 6 17 48 62 15 30 5 6 5 62 62 62 38 62 3 5 20 2 62 58 62 58 46 
54 7 62 21 21 34 62 62 62 62 19 62 24 61 59 62 27 62 7 62 13 50 62 62 62 21 15 39 62 62 20 62 62 62 62 13 0 7 62 
62 61 62 62 62 62 62 62 43 62 62 62 30 25 62 62 62 62 62 62 46 62 62 3 49 2 62 62 62 43 62 40 49 21 47 28 62 14 
62 62 3 50 61 62 62 45 62 62 17 16 32 62 49 62 62 20 62 7 40 53 62 50 62 48 62 62 62 62 62 37 51 4 5 62 2 
62 1 62 25 49 52 36 19 26 29 62 62 62 62 4 62 62 1 62 17 62 14 16 62 62 21 62 52 9 10 24 62 62 16 39 58 
62 62 62 20 62 22 62 15 62 25 62 19 47 62 62 56 62 39 40 62 61 50 7 62 62 32 62 62 30 62 12 62 62 21 37 
62 62 0 62 62 17 62 62 62 62 33 8 62 62 62 62 62 13 62 62 32 62 62 62 14 62 39 36 16 45 62 8 40 46 
62 10 12 8 28 54 62 62 6 62 60 0 62 62 62 38 62 39 62 62 62 62 33 61 62 61 3 62 62 7 17 62 45 
62 62 2 62 14 29 19 62 12 62 8 62 54 51 55 48 32 15 25 62 42 62 62 23 3 6 62 62 62 62 62 18 
62 49 27 62 62 62 62 62 62 29 51 62 62 62 32 62 21 62 37 62 62 62 62 43 19 14 62 62 28 26 10 
6 62 55 57 62 35 40 51 7 62 62 43 62 62 62 62 20 62 62 33 62 61 36 62 29 62 2 62 62 52 
62 62 27 52 42 62 4 62 62 33 62 5 62 62 10 54 62 33 18 61 62 3 62 62 62 14 62 62 62 
62 62 62 62 62 62 47 17 62 62 38 6 18 40 18 43 62 62 62 54 55 47 39 30 62 62 15 62 
30 62 62 43 48 44 62 62 62 62 6 62 43 62 62 62 62 62 6 62 29 62 62 62 56 62 62 
62 8 62 62 62 42 62 49 31 62 62 62 62 62 62 6 62 62 35 62 62 62 62 50 62 62 
62 60 35 62 46 42 62 32 62 2 7 62 22 62 1 48 56 62 62 62 11 62 21 62 62 
62 62 62 62 59 62 62 62 18 38 62 27 55 62 4 62 62 62 19 62 42 39 60 62 
26 62 62 45 45 23 37 45 62 62 19 62 20 4 10 62 32 20 34 33 23 14 62 
62 62 4 22 53 62 62 62 60 62 62 61 62 62 39 62 62 62 62 62 62 61 
62 62 8 62 28 62 62 18 44 18 62 43 62 62 43 62 41 62 4 62 27 
48 62 62 62 62 62 23 62 62 1 29 62 62 36 62 62 62 62 49 50 
37 57 62 23 62 62 62 62 62 28 19 9 13 53 36 27 51 62 59 
62 44 14 40 24 8 62 62 62 62 62 62 62 30 62 45 46 62 
62 62 62 62 62 25 62 12 52 62 62 58 60 62 62 62 62 
60 62 42 57 62 62 5 22 62 62 62 61 62 15 62 62 
31 62 31 38 62 2 38 62 21 62 4 39 62 62 62 
62 62 62 43 62 54 7 62 62 62 39 62 31 48 
51 23 62 9 62 25 62 4 3 6 62 57 62 
59 62 62 62 17 62 8 32 53 62 56 62 
62 62 62 62 46 12 5 29 36 43 0 
62 62 46 62 62 17 60 62 48 62 
62 62 53 40 8 62 62 27 62 
62 62 38 62 53 62 62 62 
26 62 62 62 16 31 62 
23 62 62 47 62 62 
9 51 62 62 13 
12 62 62 62 
18 62 62 
62 20 
62 

55 48 27 62 62 62 54 62 62 19 54 40 30 62 62 48 41 11 62 15 37 19 62 62 59 16 53 21 13 35 62 62 61 62 54 54 62 60 62 62 42 42 62 62 62 11 30 14 38 
62 11 56 62 20 45 62 26 62 33 47 32 2 26 48 62 62 60 35 62 12 41 25 62 49 51 62 11 62 13 62 62 5 11 30 35 45 62 62 62 30 17 3 32 10 6 6 62 
62 47 14 62 16 62 59 18 62 62 1 22 62 62 60 62 38 62 42 53 62 38 62 62 62 62 62 62 62 40 55 52 62 62 8 62 62 56 62 62 62 25 26 11 62 57 21 
56 62 62 62 62 61 62 35 29 14 62 62 28 62 9 33 50 62 62 39 2 7 62 53 16 42 52 62 22 28 52 53 62 41 62 56 28 62 26 62 47 25 27 11 33 41 
28 60 3 55 18 33 62 43 11 62 21 56 62 43 62 53 62 62 28 39 62 29 57 62 62 36 62 62 62 62 1 62 62 17 62 14 62 62 20 34 17 56 58 49 62 
62 35 47 61 62 62 37 22 14 45 2 40 48 62 15 23 33 62 27 62 12 62 62 38 16 10 16 62 13 62 22 28 62 57 15 62 8 1 62 27 51 62 50 49 
62 62 54 35 62 62 62 62 51 33 40 50 62 33 62 62 44 62 62 35 22 62 9 62 62 55 62 4 2 62 11 25 62 11 62 62 33 62 13 2 62 62 62 
6 49 26 57 62 62 62 19 48 32 4 62 54 46 62 53 62 62 62 62 21 58 62 60 62 62 62 62 16 62 23 62 62 30 60 24 21 35 51 53 48 62 
59 62 12 34 62 62 62 62 62 0 62 21 62 41 62 22 32 62 48 10 62 28 10 62 62 62 54 62 13 43 43 62 61 23 48 62 14 62 41 62 62 
62 59 62 12 32 37 33 62 62 62 6 16 56 51 0 62 62 53 62 33 62 60 51 62 62 62 44 0 38 46 62 62 62 20 14 62 62 62 62 37 
61 21 19 62 62 5 62 5 5 62 26 13 22 14 62 62 55 62 62 57 5 13 25 62 27 62 62 62 29 22 5 62 36 62 12 62 62 51 62 
62 62 62 62 62 62 60 23 6 62 8 45 62 62 35 23 62 62 62 62 62 62 62 57 62 3 32 23 62 62 62 62 62 62 53 62 26 62 
37 37 8 62 26 62 31 3 23 2 4 29 62 17 62 24 62 60 62 3 62 62 57 1 62 62 62 62 62 62 52 32 0 62 41 50 49 
19 58 54 50 54 62 46 62 62 62 62 62 29 58 1 19 0 60 62 0 32 40 36 15 62 62 62 7 13 62 62 38 33 4 19 62 
62 26 10 62 26 3 0 51 53 12 14 27 38 7 62 21 62 62 25 14 20 41 54 42 50 43 58 4 62 59 19 53 12 62 62 
62 47 62 28 9 24 62 16 51 59 15 52 23 62 62 62 51 12 62 9 62 54 35 12 37 49 5 3 62 0 62 62 28 2 
62 28 62 62 10 18 50 62 62 62 29 13 62 62 35 43 33 16 30 62 62 21 43 25 58 9 58 55 39 62 0 62 16 
17 62 62 62 62 9 62 22 21 17 56 62 62 62 62 62 49 62 62 56 52 62 62 28 62 24 62 62 62 9 36 3 
4 62 62 13 59 21 62 62 62 8 62 35 7 27 62 19 62 14 62 39 62 40 32 7 62 62 62 35 62 61 3 
3 62 4 62 12 25 1 62 20 34 62 4 25 62 31 62 40 62 33 62 62 7 62 62 20 25 62 11 37 62 
3 28 62 62 46 31 62 29 22 62 9 29 47 62 4 28 0 62 62 62 29 19 32 14 41 14 58 62 29 
2 62 1 54 2 62 1 20 62 62 62 35 62 62 18 54 62 25 49 47 61 62 60 62 62 50 3 12 
62 6 62 47 62 62 27 15 38 60 62 0 36 51 62 62 38 62 52 62 61 62 62 62 62 62 62 
54 25 62 61 6 62 62 26 55 15 62 62 62 62 62 41 62 62 35 15 31 62 62 62 57 62 
62 52 62 62 62 62 62 52 62 62 62 28 62 20 62 62 31 62 62 62 41 62 57 62 5 
62 62 62 62 62 38 62 35 62 62 62 62 26 62 62 54 62 62 62 37 62 16 62 62 
62 62 62 62 17 61 62 62 27 62 22 62 50 62 62 62 62 62 25 62 62 36 62 
62 43 21 62 47 62 62 54 62 62 3 13 3 6 62 62 52 62 62 62 62 62 
62 62 8 62 40 62 62 31 62 14 7 62 59 62 62 62 7 62 17 62 62 
62 62 38 62 62 62 33 62 62 62 62 62 56 52 62 62 62 62 11 62 
62 62 62 62 62 62 62 62 62 29 62 62 62 62 47 62 62 21 62 
12 62 62 62 62 54 21 62 62 27 26 49 62 62 37 62 27 62 
15 62 62 62 62 8 38 12 24 62 62 43 62 62 62 62 62 
62 62 62 32 25 62 62 62 9 62 31 45 62 40 19 1 
62 62 62 6 62 62 62 62 62 62 22 42 62 62 62 
42 12 62 62 62 62 62 62 25 62 52 31 62 9 
62 62 29 62 62 22 62 62 62 62 19 62 62 
62 62 62 62 62 18 62 62 62 62 62 9 
62 38 62 62 62 62 15 62 62 62 62 
62 58 62 39 62 62 62 62 43 62 
49 62 62 47 40 57 62 62 62 
62 40 62 62 62 62 62 62 
62 62 62 62 39 62 62 
62 62 62 45 47 62 
62 62 59 62 62 
62 62 62 62 
62 62 62 
62 62 
62 

55 45 60 26 62 11 45 12 55 8 43 1 47 5 9 17 62 51 7 18 2 38 16 62 11 62 20 47 62 8 42 37 23 62 62 58 43 53 62 46 31 50 43 16 34 45 51 10 38 
45 61 5 61 22 62 16 52 56 22 18 54 48 48 2 8 59 40 9 26 62 48 52 62 33 25 62 62 22 52 24 62 50 20 38 49 7 4 21 20 13 53 62 20 51 16 18 17 
1 31 42 25 6 21 41 15 59 51 39 42 43 52 48 53 31 41 22 0 26 27 17 32 36 8 62 62 34 41 31 12 55 62 55 11 47 3 21 8 24 30 62 3 50 62 45 
36 39 53 56 61 23 62 62 17 62 52 57 30 20 50 47 15 62 27 14 34 26 28 21 61 30 62 6 7 55 62 0 8 27 41 37 15 23 24 30 24 50 37 6 47 36 
62 62 29 62 62 49 7 7 30 53 30 43 44 5 54 49 41 7 60 38 43 38 38 38 58 62 26 56 40 55 48 6 27 12 61 32 2 30 13 2 62 24 6 6 8 
62 3 11 60 22 13 62 42 29 26 4 9 42 62 56 26 20 5 29 11 35 12 61 19 28 46 14 31 48 35 27 2 62 62 33 4 40 9 62 42 62 45 41 28 
62 1 58 13 36 51 37 62 52 9 62 62 8 6 59 10 31 52 26 30 36 41 9 62 37 1 46 62 47 12 25 62 15 27 6 13 62 62 47 62 23 24 8 
15 45 60 42 34 51 5 24 20 10 2 48 34 33 9 6 62 56 36 29 32 0 0 12 37 23 13 33 17 8 55 3 24 62 51 50 45 51 62 9 60 9 
15 34 31 62 0 4 11 62 15 37 8 17 28 51 21 38 45 39 62 25 29 62 62 48 60 16 55 21 54 22 43 51 28 62 62 41 2 28 58 48 62 
20 62 37 62 13 5 49 17 10 35 47 39 11 62 20 62 30 11 43 20 39 45 6 53 6 37 1 19 2 62 62 62 17 62 51 13 19 40 33 62 
58 38 24 59 31 62 43 41 8 18 42 22 21 60 40 36 11 15 22 31 10 24 16 32 44 6 48 16 11 32 34 11 12 6 31 61 45 50 26 
17 54 22 60 5 62 18 20 27 61 27 10 11 8 54 30 11 3 15 41 32 58 4 40 62 54 62 17 14 40 50 62 6 55 6 14 15 31 
17 10 7 8 32 29 10 62 15 62 30 32 28 50 62 59 0 33 5 21 34 52 62 25 14 35 29 62 62 30 40 33 39 35 30 32 59 
19 21 42 25 7 8 59 55 15 27 5 59 26 47 14 36 62 17 33 62 10 7 60 14 50 33 14 33 53 56 52 5 10 7 61 41 
39 62 39 62 6 33 32 0 47 23 48 4 54 56 57 4 57 53 24 6 62 7 28 26 9 49 3 58 26 3 58 10 22 62 51 
62 28 15 54 9 19 2 17 23 43 62 31 17 29 62 62 0 33 50 11 7 28 62 6 62 26 6 41 62 0 18 0 27 15 
62 48 31 62 48 62 22 53 62 62 16 21 53 58 26 39 50 61 9 50 20 47 54 54 2 3 43 62 62 62 62 62 62 
62 62 62 62 62 7 62 62 62 62 62 62 62 62 62 62 62 62 62 62 62 62 62 62 62 62 62 62 19 62 62 62 
62 62 62 62 62 62 62 62 62 62 62 62 62 62 62 62 62 62 62 62 62 62 62 58 62 62 62 62 62 62 62 
62 62 62 62 62 62 62 10 62 62 62 62 62 62 62 62 62 62 62 62 62 62 62 62 62 62 62 62 62 62 
62 62 62 62 62 62 62 62 62 62 25 62 62 62 62 62 62 62 62 62 62 39 62 62 62 62 62 62 62 
62 62 62 62 62 62 62 62 62 62 62 62 62 62 62 62 62 62 62 62 62 62 62 62 62 62 62 62 
62 62 62 62 62 62 62 62 62 62 62 62 29 62 62 62 62 62 62 62 62 62 62 62 62 62 62 
62 31 62 62 62 62 62 62 62 62 62 62 62 62 62 62 62 62 62 62 62 62 62 62 62 62 
62 57 62 62 62 62 62 62 62 62 62 62 62 62 62 62 18 62 62 62 62 62 62 62 62 
62 62 62 62 62 62 62 62 62 62 62 62 62 62 62 62 62 62 62 62 62 62 62 62 
62 62 62 62 62 62 62 62 62 62 62 62 62 62 62 62 62 62 62 62 62 62 62 
62 62 62 62 62 62 55 62 62 62 62 62 62 62 62 62 62 62 62 62 62 62 
62 62 26 62 62 62 62 62 62 62 62 31 62 62 62 62 62 62 62 62 62 
62 62 62 62 62 62 7 62 62 62 62 62 62 62 62 62 62 62 62 62 
62 62 62 62 62 62 62 62 62 62 62 62 62 62 62 62 62 62 62 
62 62 62 62 62 62 62 62 62 62 62 62 62 62 62 62 62 62 
62 62 62 62 62 62 62 62 62 62 62 62 62 62 62 62 62 
11 62 62 62 62 62 62 62 62 62 62 62 3 62 62 62 
62 62 62 62 62 62 62 62 62 62 62 62 62 59 62 
62 62 62 62 62 62 62 62 62 62 62 62 62 62 
62 62 62 62 62 62 62 62 62 62 62 62 62 
62 62 62 62 62 62 62 62 62 62 62 62 
62 17 62 62 62 62 62 62 62 62 62 
62 62 62 19 62 62 62 62 62 62 
62 62 62 62 62 62 62 62 62 
62 62 62 62 62 62 62 62 
62 62 62 62 62 62 62 
62 62 62 62 62 62 
62 62 62 62 62 
62 62 62 62 
62 62 62 
62 62 
62 

22 55 11 2 3 3 5 29 17 47 62 62 20 58 57 4 41 47 16 62 4 30 8 13 62 58 62 32 62 62 62 1 61 29 62 30 62 24 31 34 62 55 1 4 54 62 3 23 62 
36 48 9 34 56 24 3 58 53 62 49 62 54 60 54 62 40 2 27 26 51 8 14 51 47 47 61 58 62 62 46 3 39 20 62 2 10 35 62 34 44 23 14 62 43 31 37 20 
27 4 12 62 25 61 9 28 39 8 62 22 51 53 27 32 50 58 43 62 5 6 33 37 29 30 62 12 58 38 20 30 8 38 59 27 49 40 57 31 24 44 29 6 32 7 12 
47 44 62 55 45 55 14 19 13 29 31 24 62 20 45 14 10 1 62 62 47 62 50 53 53 26 48 59 62 28 39 45 49 40 19 21 62 43 51 32 2 1 0 40 43 4 
62 7 44 21 51 5 39 62 52 19 9 62 30 55 29 27 62 59 0 37 41 11 6 52 31 16 62 33 14 52 35 60 15 44 57 28 38 15 24 38 22 43 3 3 62 
40 40 54 22 30 36 54 41 42 37 43 62 1 47 27 19 28 20 10 44 28 52 40 2 48 0 6 12 23 6 62 15 44 38 57 24 62 59 3 3 24 21 5 53 
15 30 5 50 51 37 16 29 56 42 21 31 37 52 38 13 17 62 20 25 2 62 56 11 39 59 29 51 53 18 46 45 9 58 52 40 11 56 62 32 55 23 51 
62 27 34 23 23 62 26 55 18 7 62 62 62 15 61 62 62 8 25 0 9 26 4 0 15 55 13 14 28 23 62 52 59 22 55 62 9 25 22 18 62 29 
4 49 12 60 23 57 62 62 8 49 56 62 62 62 62 43 2 53 26 30 62 17 29 20 31 7 16 13 62 28 62 56 62 7 61 62 62 62 12 21 6 
59 43 5 2 49 43 35 56 53 14 2 34 40 55 57 62 62 33 30 36 24 11 55 23 62 62 47 62 22 11 32 40 62 35 23 60 54 52 59 10 
10 38 8 25 55 18 51 29 45 26 62 36 24 1 62 62 28 34 62 51 5 33 62 57 50 11 62 41 13 2 29 35 2 5 24 17 17 50 39 
39 40 62 28 29 62 62 25 4 53 16 54 51 25 1 0 29 35 49 21 9 62 20 62 58 21 34 16 7 60 57 25 62 57 27 12 10 60 
62 62 62 49 36 62 62 23 62 61 18 50 43 46 27 62 47 61 30 1 15 2 62 56 15 47 58 57 40 48 23 4 16 17 28 44 57 
7 40 23 43 26 62 28 7 27 22 13 60 62 51 62 62 3 62 43 60 34 12 52 16 9 35 8 62 22 58 5 3 52 33 62 62 
41 3 39 62 34 62 7 36 62 62 13 40 15 46 53 40 61 62 36 44 62 31 16 43 13 39 17 5 24 24 45 48 13 5 44 
38 24 26 47 16 62 15 36 40 19 38 62 38 56 28 38 62 58 5 34 9 38 26 57 11 1 38 45 3 4 60 56 11 36 
52 5 5 39 62 38 31 62 4 62 31 25 17 18 54 59 0 21 62 1 43 47 21 48 8 6 45 43 50 42 61 8 1 
35 45 5 51 55 47 20 62 62 62 62 62 62 62 62 62 62 62 62 62 62 62 62 62 62 2 62 62 62 62 62 62 
62 62 62 62 62 62 62 62 62 62 62 62 62 62 62 62 62 62 62 62 1 62 62 62 62 62 62 62 62 62 62 
62 62 62 62 62 62 62 62 62 62 62 62 62 62 62 62 62 62 62 62 62 62 62 62 62 11 62 62 62 62 
16 62 62 62 62 62 62 30 62 62 62 62 62 62 62 62 62 62 62 62 62 62 62 62 62 62 62 62 62 
62 62 62 62 62 62 62 62 62 62 62 62 62 62 62 62 62 62 62 62 62 62 62 62 7 62 62 62 
62 62 62 62 62 62 62 62 62 62 62 62 62 62 53 62 62 62 62 62 62 62 62 62 62 55 62 
62 62 62 62 62 62 62 62 12 62 62 62 62 62 62 62 62 62 62 62 62 62 62 62 62 62 
62 62 62 62 62 62 62 62 62 62 62 62 62 62 62 62 62 62 62 62 62 62 62 54 62 
62 62 62 62 62 62 62 62 62 62 40 62 62 62 62 62 62 62 62 62 62 62 62 12 
62 62 62 62 62 62 62 62 62 62 62 62 62 62 62 62 62 62 62 62 62 62 62 
62 62 47 62 62 62 62 62 62 62 62 62 62 62 62 62 62 62 62 62 62 62 
62 62 62 3 62 62 62 62 62 62 62 62 62 62 62 62 62 62 62 62 62 
62 62 62 62 62 40 62 62 62 62 62 62 62 62 62 62 62 62 62 62 
62 62 62 62 62 62 62 62 62 62 62 62 62 62 62 62 62 62 62 
58 62 62 62 62 62 62 62 62 62 62 62 62 62 62 62 62 62 
62 62 62 62 62 62 62 62 62 62 62 62 62 62 62 62 62 
62 62 62 62 62 62 62 62 62 23 62 62 62 62 62 62 
62 62 62 62 62 62 62 62 62 62 62 40 62 62 62 
62 62 62 0 62 62 62 62 62 62 62 62 62 62 
62 62 62 62 62 36 62 62 62 62 62 62 62 
62 62 62 62 62 62 62 62 62 62 62 62 
62 62 62 62 62 62 62 62 62 62 62 
62 62 62 62 62 62 62 62 62 62 
62 62 62 62 62 43 62 62 62 
62 62 62 23 62 62 62 62 
62 62 62 62 62 62 62 
62 62 62 62 62 62 
62 62 62 62 62 
62 62 62 62 
62 62 62 
62 62 
62 

24 47 35 60 62 54 27 62 4 10 62 56 58 62 62 62 62 29 18 36 10 33 62 32 62 23 8 50 62 62 48 52 62 52 62 62 62 62 33 62 62 62 62 52 12 9 46 11 29 
37 62 26 61 22 61 32 52 62 8 29 37 62 8 62 23 62 62 62 17 31 42 22 62 47 62 62 11 62 62 23 62 48 0 2 32 2 16 62 11 62 37 46 62 47 10 46 62 
41 62 0 55 62 62 19 62 62 44 36 62 0 62 38 30 62 34 14 62 12 16 36 4 37 38 62 17 28 62 4 49 45 62 35 26 16 39 7 62 62 56 54 62 51 62 62 
0 56 62 62 48 47 9 62 61 19 62 32 17 7 62 62 62 62 62 17 62 22 41 62 62 62 37 35 0 62 56 62 19 62 62 40 44 7 62 49 62 47 62 62 50 62 
62 36 62 62 31 27 59 62 1 51 55 62 18 15 62 13 22 52 13 62 37 62 58 20 27 28 62 62 62 47 62 8 27 62 50 12 0 35 62 35 57 61 41 62 62 
39 46 31 34 62 9 14 62 62 7 21 19 23 62 6 62 62 37 57 17 62 39 62 62 47 62 62 61 62 13 62 44 27 62 43 52 8 18 62 62 25 62 44 20 
53 62 24 62 62 41 3 0 48 62 0 13 50 62 62 6 26 49 23 43 11 57 21 62 62 8 62 35 62 55 29 62 4 62 62 49 55 62 62 27 51 30 52 
2 62 34 49 50 13 62 62 17 62 40 54 62 62 62 62 62 62 62 23 62 62 0 24 62 48 62 58 62 62 62 62 8 60 62 50 62 42 29 62 50 0 
23 27 58 62 62 62 62 62 62 62 55 62 6 15 62 62 62 16 62 62 40 62 62 62 62 62 62 62 52 20 62 17 62 62 62 62 15 34 15 62 62 
62 22 62 62 6 16 62 62 62 62 62 51 62 7 54 53 29 62 62 62 62 12 25 2 62 62 62 62 62 62 37 2 62 62 62 8 62 62 62 36 
9 62 62 6 62 62 24 62 52 62 44 62 59 62 62 62 11 20 62 62 38 26 62 5 14 30 62 62 62 62 62 15 62 62 62 39 62 62 62 
62 4 28 62 16 62 23 62 62 44 62 62 59 62 62 62 22 14 62 10 6 62 39 32 62 44 8 23 44 62 26 44 62 62 0 62 57 62 
62 62 62 62 62 27 41 43 62 20 42 62 41 2 62 32 23 62 62 3 7 62 62 10 39 62 62 50 62 50 62 6 62 42 15 62 62 
62 62 7 51 39 62 62 36 13 62 62 59 48 62 62 21 62 30 62 62 9 62 50 62 46 62 15 62 4 62 20 35 34 62 62 62 
62 62 53 34 39 62 62 62 55 62 10 41 46 62 35 62 0 62 6 27 41 53 62 62 31 52 34 62 62 47 62 62 62 62 62 
62 62 62 62 62 2 20 3 62 60 32 62 52 62 62 45 62 62 62 23 40 19 29 62 27 62 14 62 62 62 14 32 62 41 
62 62 16 28 31 62 5 62 34 28 62 62 44 62 45 43 59 16 48 32 62 0 62 22 62 62 60 16 62 62 62 40 62 
62 62 7 62 24 15 62 62 20 62 62 62 10 7 62 62 50 62 62 45 60 0 62 62 29 35 59 39 12 58 62 11 
62 57 62 62 24 62 10 62 53 34 62 62 62 62 62 62 62 8 56 62 1 62 62 52 8 30 62 62 48 45 62 
1 62 62 62 62 62 62 46 19 59 46 22 28 62 62 27 62 62 19 8 62 48 36 10 52 62 62 47 62 62 
62 58 14 36 62 1 62 3 62 62 62 62 60 26 62 62 62 16 31 62 62 62 62 43 62 48 4 9 62 
39 31 62 62 62 44 5 39 62 62 28 33 47 62 62 7 62 62 62 53 24 62 62 46 20 62 7 62 
24 62 60 62 43 39 12 17 62 34 62 62 62 49 61 34 62 62 62 62 62 42 4 25 49 62 62 
50 62 55 62 62 31 32 62 27 62 15 13 62 62 62 9 62 62 21 25 47 29 2 18 62 9 
62 10 62 27 5 62 0 16 51 19 62 62 62 62 62 62 59 62 62 16 54 48 62 62 62 
62 62 62 62 62 34 35 33 51 62 43 62 62 42 62 42 62 61 62 62 62 34 43 62 
62 62 62 62 62 62 0 62 29 62 15 62 62 55 62 62 62 62 20 58 62 62 62 
7 19 62 37 48 62 6 62 62 62 62 62 59 62 57 60 24 42 4 3 62 61 
7 62 62 62 44 0 62 60 62 62 45 62 62 6 61 8 3 51 62 62 44 
44 62 15 4 62 51 62 51 62 62 62 62 62 62 62 62 5 62 16 62 
62 62 14 62 62 62 44 62 62 62 62 24 62 37 62 17 62 62 62 
11 62 9 62 62 62 18 62 62 62 62 62 62 29 53 62 62 19 
62 62 62 3 62 62 62 35 62 62 39 40 62 61 62 17 62 
3 62 53 41 23 22 62 62 16 62 62 62 62 14 62 2 
38 7 46 62 10 62 3 62 9 23 62 26 55 62 33 
62 62 27 23 62 37 34 62 26 50 6 0 62 8 
62 3 62 9 62 62 62 31 45 1 50 45 62 
14 62 62 62 62 34 62 47 62 62 62 62 
62 18 62 45 27 62 62 5 62 10 9 
62 24 62 57 62 62 40 22 62 46 
45 18 62 62 62 23 9 62 62 
57 60 2 1 62 62 47 62 
62 11 62 62 16 28 62 
62 10 62 62 58 19 
8 62 35 62 56 
62 62 49 62 
62 62 62 
62 62 
18 

52 41 44 62 62 8 62 15 62 62 48 62 2 51 62 19 61 22 62 29 31 58 26 8 62 59 62 41 31 62 62 34 62 62 16 62 62 26 57 4 62 62 62 62 5 34 55 62 62 
62 2 1 62 62 62 13 46 62 25 62 26 62 52 62 20 62 59 6 46 42 62 62 62 62 62 4 52 62 3 62 28 62 62 25 62 62 62 11 62 35 26 62 62 62 43 62 25 
47 28 53 62 9 62 62 61 62 62 1 62 62 62 17 18 62 62 62 62 34 62 62 62 62 62 62 62 25 48 62 62 39 36 62 6 7 41 32 20 30 62 41 1 21 30 43 
62 19 45 58 62 53 62 62 25 62 62 62 62 62 60 57 3 52 62 55 62 40 22 31 1 40 32 33 10 42 62 61 21 20 29 52 3 17 19 60 62 12 62 62 62 54 
62 62 51 62 62 62 62 62 34 4 9 43 44 62 62 62 32 62 48 18 62 30 14 2 62 62 8 13 20 13 37 62 34 3 33 35 62 36 43 36 31 62 37 8 62 
62 60 1 62 62 29 18 54 43 62 2 45 62 62 62 62 62 62 43 47 62 13 6 59 62 57 62 3 52 41 35 12 62 62 62 16 62 6 25 62 62 62 62 54 
27 62 41 10 62 6 44 62 34 29 40 33 62 55 9 28 62 4 62 8 9 62 17 62 62 60 46 62 62 62 12 62 62 62 57 26 62 62 62 44 62 39 51 
62 33 21 62 62 59 43 62 62 38 55 46 62 17 43 54 52 62 50 11 62 62 30 27 1 62 62 62 26 8 62 62 46 62 1 56 8 15 10 49 62 62 
13 22 62 58 15 31 5 29 54 61 7 48 62 40 38 62 44 62 23 62 3 43 61 26 61 62 62 45 36 49 13 43 62 62 24 62 36 62 62 62 62 
53 20 20 62 13 18 52 59 28 62 39 62 6 10 52 37 20 62 24 62 44 41 6 25 62 0 53 0 18 62 23 18 56 62 41 39 19 35 50 40 
32 39 62 62 43 25 22 62 47 62 57 62 62 62 32 26 35 13 25 30 62 2 62 62 62 37 29 55 62 62 62 62 33 28 29 62 62 62 53 
62 62 62 33 6 62 62 13 62 62 54 62 25 2 3 62 58 36 46 61 62 49 62 62 62 0 23 37 39 22 1 62 62 62 62 62 8 11 
62 60 38 24 9 62 62 28 35 17 62 62 62 12 62 56 25 34 62 62 41 57 62 15 62 62 4 62 62 62 8 62 62 62 8 62 62 
62 62 62 37 45 62 35 44 62 3 62 62 24 43 62 62 62 62 8 39 16 49 62 44 62 62 62 54 62 53 23 62 62 52 61 62 
62 62 62 62 57 43 12 62 40 43 18 28 62 34 62 62 62 59 57 62 57 62 62 34 62 62 62 62 62 62 42 62 30 62 6 
39 6 0 62 62 62 62 62 62 62 62 62 62 62 59 4 62 11 22 30 62 62 62 46 62 33 62 62 23 62 57 62 27 62 
62 34 39 62 10 62 62 62 62 51 62 58 14 62 62 62 62 62 62 62 62 57 62 1 39 54 62 13 62 62 62 62 56 
62 62 62 22 62 36 52 45 41 62 62 62 1 26 9 62 8 62 62 18 62 36 62 62 62 47 62 62 4 21 47 28 
62 50 38 62 62 13 62 62 62 62 62 62 62 62 40 62 45 18 62 62 19 62 43 62 62 62 41 62 54 30 62 
62 18 21 62 62 54 62 62 14 13 62 0 62 44 50 60 62 62 22 62 41 31 62 62 62 24 62 62 32 56 
40 62 11 29 42 34 62 62 37 57 5 10 57 62 57 62 54 62 62 16 62 62 37 62 47 62 62 62 20 
62 62 62 62 39 19 62 62 41 62 62 62 36 40 62 21 62 62 62 22 26 33 2 62 55 20 62 62 
62 62 62 59 62 62 62 62 16 62 62 22 62 62 39 62 1 62 62 29 41 62 62 7 62 2 33 
33 62 19 62 34 15 62 62 3 53 43 62 37 58 59 62 62 28 46 10 62 52 57 29 62 37 
62 13 62 62 62 59 7 5 62 62 62 62 21 35 62 62 46 62 48 62 62 53 55 62 62 
62 62 62 62 49 14 55 53 18 3 62 62 29 62 62 62 62 62 62 62 62 54 62 44 
38 62 62 62 62 62 7 62 57 61 62 7 9 62 54 62 62 45 62 62 38 62 30 
1 45 62 62 42 62 62 62 62 22 62 62 62 62 62 62 20 43 62 32 1 18 
59 62 9 28 54 62 62 0 62 13 62 62 62 22 36 62 6 34 23 62 62 
62 43 62 62 62 62 62 35 62 54 62 62 62 62 59 9 36 51 62 62 
57 62 54 62 20 62 1 62 13 21 19 62 43 62 62 62 20 62 62 
34 34 54 21 55 62 21 24 62 62 62 62 62 62 27 4 19 31 
47 22 62 62 62 62 62 62 28 32 16 51 48 62 25 55 62 
62 62 26 62 37 62 62 62 62 62 15 20 0 62 43 48 
62 62 41 62 62 0 34 6 62 62 62 62 39 42 11 
62 50 62 62 52 46 62 20 62 62 62 27 62 62 
62 45 45 62 62 62 62 62 62 62 62 62 5 
41 62 62 62 62 19 62 10 62 60 50 49 
62 62 47 43 62 6 6 34 21 62 62 
62 62 62 62 62 62 62 32 62 3 
45 62 9 25 50 0 62 62 62 
29 18 62 62 62 60 15 62 
62 62 62 62 62 59 45 
1 32 1 62 55 62 
62 5 62 62 62 
35 62 62 62 
62 62 62 
62 18 
62 

12 59 15 8 62 22 62 49 60 36 34 49 62 18 62 12 22 62 62 62 50 62 28 62 28 58 32 32 30 22 62 50 57 62 60 62 15 62 62 2 43 22 62 10 47 62 62 23 19 
62 9 61 62 13 53 1 30 8 62 7 18 14 21 22 17 3 33 38 62 54 15 62 62 29 0 62 20 62 7 62 62 1 42 6 14 0 26 34 1 12 62 50 32 54 45 62 39 
62 9 46 62 62 54 62 62 9 48 62 6 62 13 49 3 28 35 60 54 62 62 4 52 62 21 17 62 12 2 44 62 12 62 56 2 4 20 52 62 62 42 62 5 62 24 11 
13 62 62 62 52 17 30 3 33 62 52 62 47 44 28 26 61 62 4 34 46 42 62 21 47 62 62 43 6 28 7 19 28 54 59 62 13 12 53 62 16 44 21 55 62 62 
36 45 2 42 45 17 62 36 62 8 62 38 4 43 62 35 21 62 51 62 62 62 62 62 11 62 41 62 0 57 0 25 15 62 55 11 46 62 20 55 62 32 36 40 62 
62 46 62 33 22 0 49 29 62 19 62 5 49 62 62 3 21 6 32 8 40 62 62 62 4 62 39 62 62 62 62 15 62 26 62 62 27 62 28 62 52 62 62 10 
39 62 40 1 62 36 41 62 2 62 59 10 56 62 41 12 62 18 62 23 8 62 18 12 41 62 48 0 62 51 24 46 62 0 52 62 62 61 50 62 19 55 62 
42 29 51 36 52 62 62 44 35 62 51 55 18 48 31 62 62 62 62 50 44 62 41 62 62 62 11 12 0 52 62 33 62 62 8 62 38 53 62 62 29 30 
33 62 6 4 62 57 26 58 62 62 19 47 47 18 59 9 28 7 32 62 20 0 52 62 3 2 62 6 62 3 62 62 62 48 62 46 22 23 62 62 18 
62 62 21 22 62 62 42 56 62 54 36 38 62 62 33 48 62 12 45 62 62 45 48 62 62 12 0 62 62 20 62 29 50 62 39 45 62 57 18 40 
62 7 16 9 62 62 22 52 2 29 62 45 13 56 3 30 49 28 10 23 48 59 33 54 10 12 62 17 13 49 14 62 52 36 62 62 43 14 18 
35 16 62 62 51 62 43 62 46 62 54 41 23 62 26 7 28 62 60 62 62 4 46 24 62 33 1 62 10 62 62 62 41 62 3 38 62 62 
37 9 62 59 62 62 9 23 48 11 13 62 62 62 26 19 62 62 39 62 10 62 8 62 37 53 26 62 62 47 22 52 46 58 13 31 61 
15 25 36 38 7 62 62 62 62 45 62 62 62 13 50 35 7 58 62 38 16 27 42 62 40 59 62 62 5 26 62 62 62 62 62 62 
62 62 40 62 10 46 28 17 62 62 55 3 62 42 29 62 53 54 47 19 1 11 22 58 62 18 2 49 14 62 37 15 23 1 35 
48 50 0 61 62 17 38 30 17 51 24 53 56 51 19 33 2 62 6 62 5 62 60 62 48 36 25 25 56 62 21 62 3 3 
27 55 45 22 35 8 62 62 42 62 62 31 34 51 62 54 36 62 62 23 62 9 62 55 62 62 45 7 62 52 62 46 59 
62 62 42 62 62 57 62 62 2 44 62 62 29 60 62 10 62 5 62 35 62 23 0 62 2 62 40 62 62 27 62 62 
31 45 4 31 62 58 12 38 54 15 62 45 62 30 9 18 7 51 62 42 62 62 62 62 44 2 62 52 62 62 30 
8 26 62 62 4 62 62 7 37 62 38 37 7 61 29 35 26 62 8 62 13 46 50 62 15 62 26 62 25 62 
62 33 62 62 62 25 20 62 56 62 10 33 58 62 3 18 57 62 44 59 62 29 9 16 62 62 28 47 62 
62 62 62 62 25 60 36 41 62 0 62 33 10 42 62 30 5 18 21 53 62 37 6 62 62 12 33 29 
60 62 1 49 62 17 61 43 62 22 21 22 23 62 62 47 42 62 62 10 11 22 18 62 11 20 32 
20 62 62 62 14 62 62 57 50 29 62 19 62 15 16 51 62 62 3 62 62 4 32 62 51 8 
22 46 16 25 44 53 45 62 2 12 62 62 62 31 59 30 55 57 62 16 35 61 62 62 52 
62 62 62 62 42 40 13 62 22 38 57 7 51 58 50 62 62 62 17 62 62 62 62 62 
62 62 62 62 62 62 62 62 62 62 62 62 62 62 62 62 62 62 62 42 62 62 62 
62 62 62 62 62 62 62 62 62 62 62 62 62 62 62 62 62 62 62 62 62 62 
62 62 62 62 62 62 62 62 62 62 62 62 62 62 62 62 62 62 62 46 62 
62 62 62 62 62 62 62 62 62 62 62 62 62 62 62 62 62 62 62 62 
62 62 62 62 62 62 62 62 62 62 62 15 62 62 62 62 62 62 62 
62 62 62 62 62 62 62 62 62 62 62 62 62 62 62 62 62 62 
9 62 62 62 62 62 62 62 62 62 62 62 14 62 62 62 62 
62 62 62 62 62 62 62 62 62 62 62 62 62 62 62 62 
62 62 62 62 62 43 62 62 62 62 62 62 62 62 62 
62 62 62 62 62 62 62 62 62 62 62 62 62 62 
62 62 62 62 62 62 62 62 51 62 62 62 62 
62 62 62 62 62 62 62 62 62 62 62 62 
62 62 41 62 62 62 62 62 62 62 62 
62 62 62 62 62 62 62 62 62 62 
62 62 62 62 62 62 62 62 62 
62 62 62 62 62 62 62 62 
62 62 62 62 62 62 62 
62 62 62 62 62 62 
62 62 62 62 62 
62 62 62 62 
62 62 62 
62 62 
62 

47 37 49 62 62 62 41 62 47 45 62 47 56 42 62 41 27 45 56 15 20 44 26 60 62 62 46 11 0 5 21 43 50 62 62 33 51 62 3 20 62 28 62 62 62 1 36 62 1 
62 62 31 51 62 62 62 11 45 50 32 62 17 28 62 17 1 26 13 36 21 4 15 62 53 29 49 62 24 62 62 62 50 37 62 33 3 26 62 59 6 62 22 39 38 46 23 62 
62 28 62 35 56 33 62 25 51 56 51 25 24 62 18 62 62 0 10 18 62 28 62 62 10 62 28 62 42 37 17 2 62 52 55 62 62 45 37 56 18 62 56 13 44 8 44 
28 41 10 30 20 62 51 5 62 62 14 23 62 19 48 62 16 62 62 62 62 12 38 62 62 29 22 45 0 0 49 26 24 21 62 30 56 57 35 62 62 28 62 22 22 58 
62 24 62 42 8 7 62 21 3 8 45 58 46 62 62 18 30 5 0 62 19 62 62 12 62 43 34 53 47 62 14 13 62 50 20 30 9 46 62 62 62 62 54 5 48 
3 14 60 4 22 43 21 62 55 49 62 24 32 62 22 10 5 12 27 55 10 58 54 62 62 32 47 50 56 9 46 62 56 33 7 17 4 62 6 33 25 62 62 62 
5 62 62 62 62 30 15 12 57 2 2 62 0 61 50 62 53 39 48 22 62 62 62 1 8 55 49 62 12 43 5 46 62 62 33 62 62 62 62 35 43 47 62 
7 30 13 62 62 48 62 62 8 62 62 55 12 59 35 49 62 4 7 4 59 5 36 30 59 15 62 24 13 10 62 19 2 27 62 54 52 62 17 51 59 26 
1 36 39 47 62 35 62 39 62 62 62 41 25 5 49 15 39 0 62 62 55 62 36 62 57 62 62 23 62 62 62 41 61 32 48 39 52 4 49 20 8 
28 59 62 62 26 62 48 52 10 20 51 52 54 12 62 24 62 1 62 4 17 62 18 29 62 34 62 62 11 53 54 62 47 62 62 61 3 62 62 62 
62 62 37 62 62 55 21 25 62 62 15 36 50 20 18 62 62 11 62 54 62 62 62 2 62 62 62 49 14 39 32 29 30 10 62 62 44 57 36 
37 62 16 57 62 56 33 20 62 58 20 2 4 62 51 62 62 36 59 36 15 46 20 62 62 62 62 14 62 23 62 62 30 15 62 39 22 29 
28 23 62 57 62 46 18 10 62 12 19 33 57 21 62 29 13 48 36 62 62 62 26 62 26 62 17 56 62 62 0 62 12 62 29 29 62 
62 56 15 31 43 2 32 62 62 26 8 10 54 62 62 62 62 62 32 62 34 62 62 36 62 62 2 32 62 51 17 62 41 15 62 62 
58 62 26 62 42 41 62 46 62 44 13 9 17 37 11 52 62 40 51 9 30 11 15 62 58 62 62 14 62 62 22 38 62 23 62 
46 35 62 37 52 28 2 62 29 3 48 62 43 3 5 62 62 62 12 62 41 29 44 39 4 21 43 31 11 40 12 30 1 37 
62 62 62 50 12 2 15 7 42 6 62 41 62 15 45 62 54 62 27 56 36 40 4 43 14 62 10 1 35 13 31 62 62 
62 62 62 43 25 38 35 31 48 62 62 46 62 60 62 0 20 30 62 6 20 27 42 1 57 33 62 48 59 62 62 53 
55 40 41 29 50 46 33 35 24 62 62 62 26 62 48 35 27 62 62 62 11 62 62 62 2 62 62 18 14 62 62 
43 21 57 52 7 51 9 27 62 54 62 31 16 16 62 62 62 60 10 10 32 44 26 7 62 3 58 62 62 0 
51 62 62 23 62 39 62 57 62 56 45 32 12 62 18 62 4 61 38 18 62 7 2 3 62 62 56 17 31 
62 42 62 20 23 9 62 4 13 45 36 35 62 7 62 37 12 51 62 62 62 62 30 62 9 12 30 39 
62 52 34 12 59 5 62 31 62 35 62 39 62 28 32 13 53 62 62 27 62 62 62 1 61 17 1 
55 62 45 9 10 32 9 24 56 36 8 45 57 62 32 62 62 52 62 62 32 62 26 52 51 5 
30 62 62 62 62 31 56 62 0 7 62 62 13 62 62 62 62 62 62 62 62 62 62 62 62 
62 62 62 62 62 62 62 62 62 62 62 62 38 62 62 62 62 62 62 62 62 62 62 62 
62 62 62 62 62 62 62 62 62 62 62 62 62 62 62 62 62 62 62 62 62 55 62 
62 62 62 17 62 62 62 62 62 62 27 62 62 62 62 62 62 62 62 62 62 62 
62 62 62 62 62 62 62 62 62 62 62 62 62 62 62 62 62 62 62 62 62 
62 62 62 62 62 62 62 62 62 62 62 62 62 62 62 62 62 62 62 62 
62 62 62 62 62 62 62 62 62 62 62 62 62 62 62 62 62 62 62 
62 62 62 62 62 62 62 62 62 62 54 62 62 62 62 62 62 62 
62 62 62 62 62 62 62 62 62 62 62 62 62 62 62 62 62 
62 62 62 62 62 62 62 62 62 62 62 62 62 62 62 62 
62 62 62 62 62 62 62 62 62 62 62 52 62 62 62 
6 62 62 62 62 62 62 62 62 62 62 62 62 62 
62 62 62 53 62 62 62 62 62 62 62 62 62 
62 62 62 62 62 62 62 62 62 43 62 62 
43 62 62 62 62 62 62 62 62 62 62 
62 62 62 62 62 62 62 62 62 35 
62 62 62 40 62 62 62 62 62 
62 62 62 62 62 62 62 62 
62 62 62 62 62 62 62 
62 62 62 62 62 62 
62 62 62 62 62 
62 62 62 62 
62 62 62 
62 62 
62 

9 62 62 46 50 19 62 45 25 62 62 62 62 62 9 62 36 26 10 33 62 52 31 62 62 25 54 62 62 14 62 42 36 62 62 51 62 62 62 7 44 62 62 62 62 62 33 62 62 
62 29 62 62 62 62 62 62 62 62 62 62 0 39 62 62 11 32 62 42 14 10 42 62 11 62 60 62 62 62 62 5 40 62 62 62 62 62 62 40 38 48 62 62 62 10 9 2 
8 28 62 62 62 62 62 58 10 62 57 62 55 62 24 62 62 57 62 24 8 45 4 10 17 52 62 0 29 62 62 5 44 62 24 27 3 53 22 23 32 46 30 20 62 62 62 
7 62 62 28 62 32 62 62 27 18 26 26 62 62 62 62 41 58 53 62 62 23 62 55 61 62 62 34 19 56 62 62 28 13 10 62 20 62 1 62 35 34 8 54 62 26 
62 19 55 62 62 62 62 62 62 18 3 50 37 51 56 62 62 62 49 60 62 62 62 5 62 19 41 62 11 62 62 50 61 62 62 62 40 62 3 2 10 2 15 62 62 
62 62 62 30 2 62 62 44 50 45 62 62 36 13 62 62 62 49 41 0 62 29 51 62 57 57 43 62 62 21 62 62 62 62 24 19 34 62 15 23 62 62 58 3 
50 23 5 62 49 25 62 10 58 62 5 57 6 62 32 0 46 60 54 62 44 62 23 62 43 49 25 51 62 62 62 48 62 62 62 62 60 61 62 62 61 62 38 
16 62 62 50 49 25 62 62 62 62 7 43 3 4 59 62 46 28 62 62 56 12 34 62 62 3 24 62 15 38 62 62 62 44 2 1 62 62 33 62 62 20 
62 62 62 62 62 1 62 42 46 62 33 62 62 62 62 34 62 8 32 36 62 62 40 62 12 62 62 58 43 7 62 46 25 62 62 62 39 62 62 47 62 
19 62 62 62 62 25 62 62 62 62 22 59 37 62 24 1 62 11 57 62 62 62 62 62 46 13 37 30 62 62 28 62 62 25 11 62 31 62 57 53 
21 2 33 62 62 62 62 23 58 18 38 62 62 62 11 62 11 33 28 55 62 27 62 62 62 62 62 45 62 44 39 62 22 62 61 62 62 62 62 
48 62 62 59 0 45 56 62 31 62 54 10 9 13 24 62 6 8 49 62 62 62 24 62 62 62 62 9 48 43 62 62 62 62 62 34 12 3 
55 45 62 30 62 60 49 62 55 7 62 36 50 12 62 12 62 62 7 62 5 62 62 62 55 62 24 59 62 22 62 21 62 4 35 62 47 
62 62 62 62 62 62 31 62 62 22 60 4 62 39 30 53 3 62 53 6 18 62 62 62 13 3 62 56 62 26 21 62 25 62 25 15 
62 31 25 28 62 18 62 62 34 62 40 62 41 62 62 62 54 7 37 55 13 62 29 62 62 60 62 33 54 62 33 62 28 55 55 
4 51 61 62 62 62 62 9 62 62 25 14 62 23 38 62 62 62 42 47 62 47 41 42 62 52 57 8 62 45 11 62 25 62 
62 62 59 62 29 62 10 10 62 55 62 62 20 62 10 62 52 62 62 11 62 8 62 62 3 62 52 62 59 62 62 62 62 
62 8 37 10 55 18 62 39 62 62 62 62 62 62 30 62 62 62 3 17 62 36 38 4 62 62 33 52 49 40 1 62 
62 53 4 16 62 58 62 26 62 1 55 62 49 52 19 62 13 23 60 14 62 34 9 62 62 58 62 13 62 10 62 
62 62 62 62 62 10 62 62 9 60 52 62 0 61 46 62 62 26 62 62 62 45 55 13 58 62 62 35 22 62 
62 6 44 62 3 62 62 62 0 38 62 62 62 62 62 62 44 14 62 62 39 62 7 62 60 15 21 15 62 
62 11 62 62 62 62 50 62 62 32 2 11 51 62 62 62 27 62 62 53 62 26 62 56 24 62 62 62 
62 62 62 13 62 12 62 62 41 32 62 62 62 57 62 32 53 41 62 62 21 62 59 56 62 17 53 
62 62 62 62 62 28 62 62 62 62 28 62 62 62 6 22 26 32 62 62 62 62 38 17 62 22 
46 62 62 62 62 6 42 59 62 62 41 62 47 62 15 31 20 62 16 5 62 23 62 62 59 
31 40 62 37 62 2 62 30 62 32 62 58 50 19 22 62 42 58 62 62 42 62 62 62 
62 29 62 50 62 37 62 62 62 34 62 62 51 38 62 62 60 8 32 34 62 62 62 
62 12 41 21 62 26 42 62 62 13 33 0 11 62 9 1 1 17 22 62 62 62 
50 14 13 62 19 1 31 37 13 20 62 62 43 21 2 1 48 62 51 20 42 
45 62 62 36 62 52 62 62 43 8 62 62 39 20 36 62 62 32 50 56 
62 62 62 62 62 16 36 62 62 62 62 62 52 62 34 62 62 26 62 
54 62 42 12 28 62 21 44 44 40 62 51 62 62 49 62 21 44 
62 62 62 33 62 62 35 62 6 62 62 60 62 62 53 51 62 
4 36 62 62 62 62 54 57 31 52 30 62 40 62 55 25 
59 48 38 62 5 21 60 31 62 10 62 58 34 46 13 
62 6 58 62 12 20 62 50 8 59 20 35 62 60 
62 4 62 13 56 62 36 62 15 41 62 62 47 
45 62 62 62 62 62 62 62 62 62 62 62 
62 62 62 21 62 62 62 62 62 62 19 
62 62 62 19 62 62 62 62 62 62 
62 38 62 62 62 57 11 58 0 
62 62 62 26 14 62 14 62 
62 62 62 62 32 62 62 
62 62 62 62 62 62 
62 56 62 52 62 
62 16 60 62 
62 24 62 
62 7 
62 

62 14 62 62 62 44 14 62 48 15 35 62 45 56 23 62 62 11 3 62 31 62 39 62 62 62 45 0 62 8 55 62 4 16 27 0 19 62 62 62 49 62 45 62 8 20 2 36 44 
62 62 18 62 62 38 62 49 0 7 42 62 48 62 62 62 62 62 21 45 7 55 38 62 26 36 62 59 23 62 28 62 50 7 56 9 62 29 62 15 53 10 4 41 62 13 33 5 
57 62 17 23 5 62 23 61 11 62 47 37 62 62 62 8 62 57 62 45 59 38 28 30 62 7 0 61 62 45 52 62 62 62 2 52 62 1 21 60 48 36 20 29 58 7 62 
44 62 62 62 62 45 26 11 19 26 40 62 28 35 62 62 53 62 62 13 62 62 51 62 62 28 61 24 36 2 51 62 27 28 62 62 42 39 7 16 62 57 62 47 59 30 
58 39 49 62 62 62 9 10 59 23 62 33 34 62 62 62 1 61 62 62 62 10 62 19 60 62 59 26 62 62 12 41 2 29 62 33 9 42 46 54 15 40 15 10 62 
19 20 51 62 62 62 62 33 62 62 5 17 24 62 30 62 62 23 16 59 30 38 62 3 60 24 36 1 30 62 47 4 62 11 62 62 62 4 62 21 62 0 43 62 
38 31 12 51 47 51 62 21 46 19 58 49 62 62 62 62 22 16 48 62 13 28 47 19 19 19 19 45 21 36 3 62 18 9 22 26 54 62 62 62 48 17 62 
46 62 62 4 45 49 49 18 62 32 22 62 53 41 44 27 62 62 57 18 62 6 18 48 41 22 39 54 26 5 30 35 62 36 31 32 62 62 14 38 54 36 
62 59 1 16 45 62 32 49 24 62 62 62 14 51 62 51 62 0 62 15 62 12 19 62 62 62 62 62 62 62 62 62 36 16 17 62 35 36 31 62 54 
62 4 33 45 62 29 30 62 10 17 21 26 33 21 25 29 62 41 31 8 62 62 62 22 62 11 53 19 10 58 49 62 58 38 62 19 47 35 62 62 
37 26 1 62 16 62 43 59 62 62 43 61 14 60 62 33 21 29 62 38 62 51 0 62 62 43 62 51 19 24 5 17 25 62 62 44 39 62 15 
62 16 26 62 62 29 24 29 8 54 23 62 57 53 13 62 62 13 62 62 3 62 54 62 1 62 54 62 62 62 4 41 62 28 62 15 62 43 
36 62 12 12 19 62 34 19 15 62 38 62 62 56 37 62 17 62 62 7 46 54 62 52 48 62 34 62 2 25 34 62 53 62 39 35 18 
62 56 62 61 9 17 60 29 5 29 62 62 20 58 60 56 62 53 13 6 46 59 46 31 61 48 62 62 62 59 62 15 23 62 59 17 
46 43 62 26 62 62 17 62 14 10 30 1 62 32 62 62 23 62 40 62 24 24 52 61 62 50 22 62 62 53 7 56 62 3 62 
24 61 17 62 11 62 62 44 62 62 23 62 62 62 5 15 21 62 62 62 17 59 9 7 30 6 59 26 46 7 62 62 26 39 
62 18 54 62 12 23 62 62 36 62 43 53 57 28 53 20 62 16 10 5 60 57 62 7 31 62 62 38 44 62 6 62 62 
62 60 62 62 20 29 41 62 23 19 44 45 62 62 46 46 62 10 62 46 25 33 25 62 9 26 47 41 34 62 62 49 
62 62 5 7 4 21 46 62 62 43 52 12 36 62 62 22 34 3 62 42 19 30 41 2 62 43 50 39 16 59 49 
62 34 14 62 43 56 62 8 39 62 57 62 22 61 49 62 34 29 62 62 62 62 27 62 5 62 30 11 56 58 
27 11 57 19 22 4 22 62 44 62 62 20 62 16 18 62 0 62 62 62 62 0 16 62 10 30 62 7 60 
14 62 40 2 46 1 12 62 34 46 54 34 62 62 20 62 57 62 21 50 44 27 62 27 39 62 22 1 
62 62 58 13 47 62 62 62 62 47 38 61 14 62 9 32 62 52 51 4 62 4 7 62 14 62 24 
53 62 62 4 52 62 62 22 16 26 40 62 16 42 62 62 60 9 1 56 38 33 61 34 20 35 
15 44 31 27 62 53 62 9 62 30 45 45 33 62 45 51 31 31 15 62 62 62 62 62 5 
62 62 62 62 62 62 62 62 62 62 62 62 62 62 62 62 62 62 62 62 62 62 62 62 
62 62 62 62 62 62 62 62 62 62 62 62 62 62 62 62 62 20 62 62 62 62 62 
62 62 62 62 62 62 62 62 62 62 62 62 62 62 62 62 62 23 62 62 62 62 
62 62 62 62 62 62 62 62 62 62 62 62 62 62 62 62 62 5 62 62 62 
7 62 39 62 62 62 62 62 62 62 62 54 62 62 62 62 21 62 62 62 
62 62 62 62 62 62 62 62 62 62 62 62 62 62 62 62 62 62 62 
62 62 62 62 62 62 62 62 62 62 62 62 62 62 62 62 62 21 
62 62 62 62 62 62 62 62 62 62 62 62 62 62 62 62 62 
62 28 62 62 62 62 62 62 62 62 62 62 62 62 62 62 
62 62 62 62 62 62 62 62 62 62 56 62 62 62 62 
62 62 62 62 62 62 62 62 62 62 62 62 62 62 
62 62 62 62 62 62 62 62 62 62 62 62 62 
62 31 62 62 57 62 62 62 62 62 62 62 
62 62 62 62 62 62 62 62 62 62 62 
62 62 62 29 62 62 62 62 62 62 
62 62 62 62 62 62 62 62 62 
62 62 62 62 62 62 62 62 
62 62 62 62 62 62 62 
62 62 62 62 62 62 
62 62 62 62 24 
62 62 62 62 
62 62 62 
62 62 
62 

